273 362 337

271 364 331

271 364 325

272 360 327

269 371 336

282 368 332

289 392 342

273 382 336

271 369 334

274 372 335

275 370 336

274 369 334

274 368 332

274 369 335

275 371 337

276 375 338

272 368 335

272 369 334

275 369 336

275 367 336

273 367 334

273 368 335

273 369 336

273 367 335

273 367 335

273 369 335

272 367 334

272 366 334

273 366 336

274 372 337

273 366 334

271 367 334

272 368 335

275 371 338

273 366 335

272 368 335

272 368 335

272 367 335

274 366 335

272 367 336

271 367 334

273 367 335

273 366 335

274 367 336

273 367 335

271 367 335

273 366 335

273 367 336

272 366 335

272 367 335

272 368 334

274 366 335

274 366 335

272 366 335

271 366 334

271 366 334

277 369 337

279 375 346

279 355 315

244 291 276

294 379 337

284 442 359

274 306 285

297 372 325

248 422 300

232 278 275

321 519 375

300 223 204

318 447 370

292 315 271

269 331 300

257 444 318

208 240 254

302 545 358

209 204 227

340 557 390

233 214 220

314 481 385

281 260 241

272 404 350

314 301 259

265 380 339

299 326 266

253 350 310

281 455 336

223 249 247

347 486 384

254 266 250

317 504 392

313 244 209

341 508 394

302 216 170

327 612 429

218 93 106

313 664 339

201 353 278

380 174 22

342 662 452

107 276 196

305 311 15

