271 343 367

275 342 369

272 344 366

270 344 366

269 344 365

272 345 368

273 338 366

273 344 368

271 347 367

272 347 369

274 344 369

274 344 371

272 342 368

271 348 367

269 346 369

273 345 368

275 348 367

268 345 368

272 349 368

275 344 367

274 338 365

271 352 371

272 351 367

274 347 368

274 342 367

273 348 370

272 347 367

271 344 367

272 350 370

273 349 371

276 349 368

271 350 369

272 348 367

276 348 369

275 347 369

273 350 369

272 349 366

275 349 368

274 348 368

274 346 368

274 348 368

272 351 367

273 349 368

275 344 368

273 352 369

268 347 365

274 352 369

273 348 369

277 348 370

277 345 368

273 352 369

272 347 368

274 344 369

274 348 369

274 349 368

272 348 366

273 351 370

274 344 369

275 350 369

273 348 368

273 348 369

273 348 368

276 348 370

273 347 368

272 348 366

273 349 369

274 346 369

273 348 371

273 350 369

272 347 366

272 349 368

275 347 369

273 350 367

268 350 367

271 350 366

272 350 368

274 346 368

273 350 369

272 352 369

278 350 368

274 347 372

274 351 368

273 356 368

275 348 366

275 347 366

275 349 370

275 348 367

272 350 368

276 343 366

274 343 370

275 346 369

270 350 367

268 350 367

272 347 368

277 340 365

273 350 369

273 345 365

265 350 367

271 346 368

272 342 365

274 337 366

270 349 372

271 348 371

280 344 363

265 345 369

257 330 359

274 348 372

272 347 375

274 349 369

270 335 366

272 340 366

268 331 359

276 330 365

261 325 346

272 350 376

270 337 338

395 313 370

201 374 390

295 310 371

243 347 384

299 313 381

264 335 374

263 332 365

268 327 368

278 352 391

288 338 383

268 315 369

268 341 386

277 327 381

220 305 359

260 328 359

279 331 366

277 339 392

280 332 382

273 323 377

278 315 384

280 315 383

292 317 390

288 325 389

288 321 384

276 312 376

287 321 381

278 322 385

283 325 387

281 318 387

284 316 386

287 314 387

294 324 385

290 307 384

286 309 386

291 322 391

295 312 386

292 317 390

294 321 390

290 323 390

288 325 398

296 331 388

281 310 382

291 318 386

288 315 386

290 316 387

290 315 386

289 317 386

289 316 386

292 316 386

290 314 386

292 321 390

289 318 387

291 318 387

291 317 389

291 317 388

290 318 388

289 316 387

292 316 387

292 313 388

292 318 388

292 314 387

290 315 388

291 314 387

292 310 384

294 312 390

294 309 387

292 306 385

295 304 384

294 307 384

294 305 385

294 312 398

297 313 384

295 311 390

294 313 387

291 312 386

293 316 389

295 315 390

293 313 388

295 312 387

294 314 388

293 315 390

295 307 388

296 315 389

292 315 388

292 312 387

295 312 388

294 313 390

295 311 389

294 314 387

293 312 387

294 316 390

294 314 390

296 312 388

293 316 388

292 311 387

297 310 388

301 321 391

285 317 390

287 304 383

305 330 394

292 326 391

279 289 377

297 327 393

299 321 389

287 295 382

298 326 393

287 312 388

300 316 389

280 310 386

304 312 387

289 317 389

291 309 387

303 330 394

271 298 384

319 328 394

275 300 388

317 327 388

262 292 380

321 336 399

268 300 386

329 322 389

258 297 381

323 343 396

263 285 380

340 346 398

266 290 381

331 330 393

272 298 383

332 337 399

263 293 376

333 330 391

250 304 382

338 335 392

250 294 376

338 330 392

255 300 382

358 339 391

245 285 377

335 340 399

251 299 383

347 336 391

241 288 386

366 366 401

228 282 380

349 334 389

259 270 374

369 345 395

252 268 373

335 332 396

252 277 372

368 340 410

250 271 363

337 339 396

270 259 353

315 335 405

273 283 375

330 317 381

250 368 403

307 323 395

307 273 356

287 339 384

278 334 406

321 248 357

299 304 387

255 354 399

352 231 357

308 303 387

232 376 406

309 286 394

302 300 367

271 336 392

270 347 410

351 235 358

316 281 370

263 343 400

345 254 379

316 300 387

250 359 413

343 248 355

289 322 386

293 325 405

292 303 367

236 352 405

396 225 355

291 316 385

216 365 416

388 198 334

286 340 393

228 374 419

365 222 327

282 342 403

313 346 418

299 255 330

249 321 396

413 236 369

262 337 401

282 342 398

310 263 330

240 322 408

445 244 372

287 307 365

187 349 390

428 164 317

257 335 385

193 396 422

353 178 287

246 338 406

224 382 428

291 252 309

241 325 397

368 290 390

278 295 357

211 340 389

399 201 332

260 344 404

295 326 400

262 289 348

217 327 384

404 196 331

269 331 391

293 300 383

274 294 369

200 370 400

379 207 314

287 309 382

342 244 337

256 336 388

321 243 326

230 358 391

447 174 310

256 328 377

224 356 400

265 272 321

199 348 387

448 171 310

240 359 392

308 292 377

261 299 354

172 369 395

308 220 304

241 320 382

431 177 307

252 332 384

374 280 363

242 323 363

216 349 391

260 289 351

193 348 385

334 212 316

244 339 385

373 278 374

253 324 378

348 286 374

250 315 365

265 325 384

258 305 363

258 326 386

256 302 355

261 318 375

254 293 354

251 315 378

278 275 352

212 339 389

326 230 329

243 335 391

421 227 349

239 343 386

332 299 374

254 317 371

235 334 389

282 275 352

237 333 384

349 224 324

269 319 376

366 264 366

251 318 376

244 342 395

265 299 360

190 372 401

333 219 321

247 334 382

292 326 393

290 259 342

251 330 385

408 235 350

267 308 368

244 344 396

308 257 343

259 322 380

295 311 387

280 300 368

250 331 386

316 266 358

269 326 387

310 295 384

298 285 367

285 305 380

334 277 378

289 307 381

286 298 377

296 302 386

296 319 391

320 251 334

235 391 406

312 274 348

248 337 384

296 292 363

224 353 397

283 308 373

291 278 364

284 361 412

286 303 371

316 239 338

281 348 399

281 338 394

288 270 360

302 280 360

287 349 396

287 280 363

283 307 383

288 349 396

295 292 370

280 308 384

286 355 405

292 300 377

285 280 372

299 332 397

294 316 388

293 306 385

300 311 390

299 311 388

300 310 390

297 310 390

298 311 391

299 308 388

295 311 390

300 308 390

299 313 390

309 317 394

303 310 393

310 331 403

306 316 393

306 315 395

304 316 395

307 317 396

305 314 393

303 312 394

303 311 394

304 311 393

305 313 394

306 311 393

306 311 394

304 313 395

305 312 393

303 313 394

307 314 395

305 312 394

305 313 393

305 312 394

305 313 395

306 311 393

305 313 394

303 314 393

304 315 396

305 312 393

304 312 392

303 315 394

304 314 394

302 313 393

304 314 394

303 315 393

302 314 392

302 315 393

303 314 394

303 315 394

303 313 392

301 314 393

302 315 393

303 314 393

300 313 392

302 314 393

300 314 393

302 314 393

303 305 387

297 312 396

311 291 366

274 326 405

348 261 361

293 316 379

247 348 411

365 236 355

319 282 371

243 338 399

334 281 381

314 295 376

236 341 398

357 243 363

292 308 379

298 311 395

304 283 367

271 328 394

286 282 359

271 333 401

302 268 349

269 317 387

283 292 365

215 348 403

264 310 370

283 283 359

278 346 381

407 163 288

256 369 406

354 208 317

247 333 393

277 307 364

251 318 366

275 349 396

340 204 322

253 382 420

328 211 314

246 355 404

271 292 353

293 285 359

280 358 393

332 190 307

260 387 424

302 235 326

256 364 413

225 243 319

262 286 350

304 411 412

327 217 316

279 343 397

256 296 345

275 270 351

317 456 456

297 199 297

284 317 379

273 328 364

268 225 319

354 472 472

285 209 301

314 351 431

242 274 303

259 257 332

368 474 466

202 188 254

287 288 368

292 325 355

251 238 317

364 452 465

200 262 291

252 310 352

318 449 386

270 178 263

300 393 428

278 310 347

237 210 275

336 479 461

289 210 275

234 383 399

239 310 338

233 284 332

374 454 446

278 201 257

260 404 416

284 312 338

259 263 319

407 485 466

256 221 278

257 378 399

282 320 347

249 271 341

384 450 457

210 236 264

257 351 380

358 382 388

202 179 277

294 353 409

280 321 356

259 262 328

379 501 443

238 227 283

277 339 379

337 360 385

238 260 334

307 339 411

292 337 342

254 249 316

311 338 396

280 315 348

252 269 333

353 393 445

206 287 323

260 302 350

359 447 408

280 223 298

293 354 409

269 312 352

317 289 362

373 439 454

220 279 340

310 261 352

325 386 390

236 268 333

305 280 366

323 384 414

263 252 300

277 286 341

318 386 424

225 260 300

263 360 384

299 364 388

249 175 263

275 414 442

303 230 281

246 389 409

311 314 367

248 218 286

296 431 471

290 229 276

246 382 403

292 304 352

275 212 285

341 397 469

258 278 288

231 327 349

347 458 424

272 204 273

283 359 424

295 296 336

253 231 296

324 417 485

292 285 317

264 295 342

366 472 499

243 252 270

257 319 351

355 457 425

226 213 226

275 401 449

308 275 325

253 292 337

378 486 473

232 245 279

263 350 380

343 396 379

218 201 257

290 351 411

318 303 335

220 230 281

333 461 507

292 267 300

252 321 348

369 487 454

233 233 289

280 324 391

313 308 347

248 236 291

350 480 502

257 248 285

251 312 353

324 385 382

185 223 285

343 448 498

295 234 282

264 345 398

318 304 321

234 287 319

332 512 477

246 212 270

296 345 437

298 261 307

242 286 324

305 463 424

246 220 262

313 374 462

302 277 322

243 297 328

343 457 436

251 231 281

295 345 433

302 279 332

248 289 323

352 485 487

245 260 277

272 303 356

312 361 381

236 240 295

343 449 499

266 254 306

264 317 376

327 317 359

229 256 302

326 397 476

260 294 316

251 293 344

340 384 446

204 293 297

272 287 357

329 365 396

207 241 287

334 366 441

279 340 322

253 294 331

381 470 493

183 245 250

286 310 379

311 348 358

242 271 311

343 391 477

244 303 300

254 299 342

353 437 442

194 246 273

303 301 391

322 340 372

335 287 312

330 361 431

270 321 348

261 303 366

350 400 437

253 229 319

313 310 406

260 310 333

248 263 315

293 423 430

281 224 271

275 361 433

328 284 345

283 279 317

255 359 391

326 207 270

206 459 448

289 233 280

208 360 380

296 361 358

314 214 244

294 367 435

268 265 300

284 220 268

276 464 456

292 253 290

248 352 357

233 332 330

304 199 258

289 491 488

290 263 309

294 250 305

272 519 451

279 242 306

279 329 365

275 321 360

318 211 266

259 435 479

253 309 318

289 262 300

254 539 466

281 193 272

248 352 406

282 288 343

271 251 305

304 484 470

274 244 293

260 331 361

285 322 359

282 236 289

280 371 425

300 290 347

345 250 307

309 442 478

274 266 335

262 371 421

321 308 363

285 256 316

310 481 508

263 253 307

244 355 388

321 297 326

259 316 339

302 429 407

233 258 339

303 476 463

294 232 306

298 495 495

271 239 311

283 392 459

286 268 320

252 280 320

306 491 428

267 262 323

314 488 500

313 206 308

268 372 435

313 234 309

270 334 396

304 293 340

271 283 333

298 483 480

266 245 313

264 317 373

307 330 374

283 238 304

288 403 448

335 269 345

267 283 322

299 474 486

246 252 307

283 373 408

322 318 376

238 256 325

284 349 398

311 357 375

252 242 293

285 443 454

303 285 339

248 288 320

318 457 437

238 286 269

267 385 398

328 308 378

252 288 337

326 415 449

226 286 294

272 318 371

339 377 399

229 252 304

304 375 441

273 325 316

240 304 337

347 458 454

171 247 256

303 293 371

325 435 415

236 225 279

303 350 418

325 347 374

230 270 324

324 390 452

238 312 283

252 312 358

326 423 438

278 319 304

266 299 373

303 428 414

240 244 272

307 396 451

306 341 357

248 244 301

258 460 457

289 302 323

271 281 323

263 455 444

282 312 300

263 308 333

295 474 477

288 319 311

265 288 325

298 485 472

268 312 308

262 292 326

302 464 452

279 307 307

262 296 329

311 486 481

279 317 328

267 277 319

281 475 450

280 294 306

270 306 341

261 471 422

268 285 285

273 325 361

268 393 398

249 241 259

287 318 369

257 403 374

253 222 252

300 355 407

288 330 376

242 223 271

307 378 439

296 316 359

260 243 304

312 415 465

292 324 355

252 259 311

312 391 460

297 322 355

257 249 302

311 364 436

297 324 357

249 249 304

321 380 448

282 323 354

247 250 299

322 460 479

251 294 299

259 283 327

289 463 426

272 262 269

267 316 364

278 374 384

245 223 244

297 325 384

285 340 378

236 220 253

294 318 382

291 332 373

251 226 264

299 347 417

281 323 368

256 218 276

288 404 456

313 292 341

259 236 293

295 443 461

275 314 327

263 272 319

316 455 470

262 321 324

256 275 318

308 461 477

284 314 327

266 276 317

313 455 476

275 320 330

264 271 319

296 425 456

284 304 333

264 253 306

301 431 455

272 319 334

253 266 316

306 416 456

279 309 337

265 261 314

312 427 460

264 304 335

260 264 329

290 470 441

263 284 312

280 321 373

268 397 391

272 232 276

296 358 419

299 302 340

263 237 296

302 465 463

288 265 302

297 328 408

278 339 379

263 241 297

261 472 452

306 272 297

274 349 392

276 335 368

279 227 277

271 435 436

307 252 294

273 444 449

308 331 363

241 327 354

246 391 385

251 302 315

246 382 392

302 255 317

229 360 376

430 217 358

178 403 399

390 197 303

231 394 415

319 276 355

216 347 331

280 295 337

212 346 332

282 269 337

206 344 350

307 277 352

239 317 346

251 390 390

325 240 326

163 436 408

284 254 318

