325 301 393

323 302 391

322 290 381

328 294 387

330 307 388

327 294 387

330 301 391

343 301 394

305 303 386

358 291 396

339 289 383

300 299 384

312 298 396

331 298 387

322 297 394

300 290 376

350 323 410

308 301 379

153 281 362

257 290 364

252 280 371

409 296 378

313 310 396

378 303 395

368 312 406

322 299 374

323 292 391

310 289 375

346 306 389

346 300 382

404 292 395

312 294 386

475 284 367

197 293 336

352 307 360

275 330 373

281 300 351

307 300 381

294 296 360

153 294 363

306 303 353

340 291 356

384 302 359

314 293 338

353 294 367

327 295 368

336 291 366

257 296 368

331 280 376

288 285 376

267 306 382

315 295 364

337 284 315

463 275 375

269 292 376

320 286 376

309 284 376

309 284 377

306 284 373

307 285 376

307 285 376

306 285 373

306 286 376

308 284 376

305 284 376

265 304 380

285 292 364

341 282 376

538 300 415

291 281 365

151 273 347

332 280 367

273 268 375

299 288 359

278 316 279

392 309 402

349 327 362

287 267 358

275 288 357

291 286 364

296 279 362

217 197 285

345 356 430

305 287 380

304 289 360

301 283 376

301 283 364

329 431 404

302 291 354

347 345 402

311 320 404

296 285 372

332 328 411

313 310 358

384 458 495

233 227 308

364 389 445

240 245 318

359 374 438

291 304 386

318 317 394

311 314 393

321 321 396

324 331 419

302 292 384

397 469 514

185 173 257

392 427 417

289 346 425

314 301 327

359 391 459

278 278 351

358 382 433

277 288 350

364 402 470

220 199 270

372 406 388

304 352 437

280 263 333

381 430 443

228 282 373

347 300 331

372 411 459

236 246 341

358 372 393

296 370 428

305 255 298

403 495 494

280 286 349

336 393 444

230 240 304

381 348 448

391 357 412

211 278 277

331 384 375

435 601 463

130 256 234

477 426 404

348 540 418

131 229 253

450 473 390

172 543 369

265 174 232

478 246 204

314 664 558

79 536 262

353 101 149

467 514 253

214 656 522

149 108 179

511 230 101

275 663 504

121 537 330

362 49 138

396 520 275

268 555 448

294 179 296

368 324 390

336 253 351

335 406 362

265 364 419

290 199 327

381 340 325

279 535 487

264 179 298

396 383 356

277 490 457

283 201 310

368 376 386

330 257 354

352 353 423

293 314 326

385 346 416

312 259 343

376 405 450

226 285 391

280 337 387

247 322 398

323 326 397

289 274 378

345 442 441

319 312 350

287 297 379

272 547 484

300 278 352

327 657 429

346 262 277

349 172 234

328 567 334

246 273 295

358 663 455

347 316 307

248 244 240

354 532 416

279 303 338

354 574 437

370 338 324

207 306 294

352 439 366

239 324 311

