337 385 376

337 385 375

338 385 376

338 385 376

338 385 376

337 385 375

338 385 375

338 385 376

338 384 375

337 385 375

337 385 375

338 385 375

338 385 376

338 385 375

337 385 376

337 385 375

338 385 375

338 385 376

338 385 375

337 385 376

337 385 375

338 385 376

338 385 376

338 385 375

337 385 375

337 385 375

338 385 376

338 385 376

337 385 375

337 385 375

338 385 376

338 385 376

338 385 375

337 385 375

337 385 375

338 385 376

338 385 376

338 385 375

337 385 375

338 385 375

338 385 375

338 385 376

337 384 376

337 385 375

337 385 376

338 385 376

338 385 376

338 385 375

337 385 375

338 385 376

338 385 376

338 385 376

337 385 376

337 385 375

338 385 376

338 384 376

338 385 375

337 385 375

337 385 375

338 385 376

338 385 376

338 385 375

337 385 375

338 385 375

338 385 376

338 385 376

338 384 375

337 385 375

338 385 376

338 385 376

337 385 376

337 385 375

337 385 376

338 385 376

338 385 376

338 385 375

337 385 375

337 385 376

338 385 376

338 385 376

338 385 376

337 385 375

338 385 376

338 385 376

337 385 375

338 385 375

337 385 375

338 385 376

338 384 376

338 385 375

337 385 376

337 385 375

338 385 376

338 385 376

338 385 375

337 385 375

338 385 375

338 384 376

338 385 376

337 385 375

337 385 375

338 385 376

338 385 376

338 385 376

337 385 375

337 385 375

338 385 376

338 385 376

339 385 375

338 385 375

338 385 376

338 385 376

339 385 376

337 385 376

337 385 375

338 385 376

338 385 376

338 385 376

337 385 375

337 385 375

338 385 376

338 385 376

338 385 376

337 385 375

337 385 375

338 385 375

338 385 376

337 385 376

337 385 375

338 385 376

338 385 375

338 384 375

337 385 376

337 385 375

338 385 375

338 384 376

339 385 375

337 385 375

337 385 375

338 385 376

339 384 376

337 384 375

338 386 375

337 385 375

338 385 376

338 385 376

338 385 376

337 385 375

338 385 375

338 385 376

338 385 376

337 385 376

337 386 375

337 385 376

338 385 376

338 385 375

338 386 375

338 385 375

338 385 376

338 385 375

338 385 375

337 385 375

338 384 376

338 386 376

337 385 376

337 384 375

336 386 375

339 385 375

338 385 376

283 294 359

282 294 360

273 293 357

280 297 359

282 295 360

280 293 356

281 295 358

282 292 358

281 292 357

279 293 359

281 295 359

280 293 361

277 291 358

280 296 357

281 297 359

279 290 358

279 297 360

280 292 358

279 295 356

280 296 359

281 289 356

284 293 361

280 295 360

280 297 357

280 292 360

282 295 359

278 293 359

279 296 358

277 294 355

281 294 358

281 293 360

279 295 358

277 295 358

278 295 358

278 297 359

279 294 355

279 295 357

278 294 356

275 299 358

278 296 358

278 291 355

277 297 354

280 299 360

279 294 358

278 296 358

277 296 356

278 296 357

279 297 360

280 292 357

280 297 358

280 296 358

277 294 354

277 296 358

280 295 358

279 293 356

276 297 358

276 295 356

275 295 356

279 297 359

277 294 357

275 299 357

275 296 353

280 296 359

276 295 355

277 295 355

277 298 356

277 295 357

276 294 356

277 296 356

276 298 359

277 291 352

282 297 360

280 294 357

277 296 355

276 300 357

276 293 354

278 296 356

278 296 356

280 297 355

278 293 355

277 296 354

280 297 358

278 295 357

278 295 353

278 297 354

278 292 352

281 299 357

277 298 354

276 298 355

277 294 355

279 297 355

277 298 356

277 299 354

278 296 355

276 298 355

276 295 356

276 300 357

276 298 354

274 296 354

277 297 355

276 297 354

275 297 356

276 298 355

276 298 353

276 298 355

276 297 353

273 297 351

278 298 357

276 297 353

276 297 355

277 298 355

276 299 356

273 297 353

276 298 358

276 299 355

275 297 353

276 299 352

275 296 354

276 299 356

274 299 352

272 300 352

275 297 351

278 297 353

275 299 355

272 297 351

274 299 351

274 298 351

275 299 350

274 299 352

273 295 349

274 305 353

273 291 352

275 301 353

273 298 349

275 301 348

273 298 351

275 300 353

279 299 351

276 297 352

273 300 351

272 302 352

273 299 351

272 301 353

273 299 352

275 300 351

273 300 351

275 302 350

276 299 351

273 298 355

275 303 360

276 294 353

273 300 356

276 300 359

274 300 355

274 302 358

277 297 357

273 297 353

275 304 354

273 298 352

273 301 357

274 299 354

274 295 352

274 304 354

275 303 358

276 300 354

273 301 356

273 303 352

273 303 355

274 297 353

275 300 357

273 302 352

270 303 352

274 303 355

274 302 355

273 303 354

272 301 353

274 301 351

275 302 357

274 300 353

274 305 354

273 301 356

272 302 353

273 302 356

273 303 356

272 301 352

271 307 358

272 298 353

274 302 356

273 304 354

272 300 353

273 303 355

273 301 355

274 301 354

272 302 353

271 304 353

272 301 356

273 301 356

273 303 356

272 300 353

272 304 355

272 300 353

274 303 355

273 302 356

271 306 356

271 301 350

272 306 360

273 301 353

272 300 352

272 304 355

272 303 354

273 301 354

273 305 356

272 304 355

271 300 354

272 303 356

273 301 353

272 305 355

272 303 356

273 304 355

272 300 353

273 305 358

273 303 352

270 303 354

272 305 354

273 303 355

272 303 355

269 305 353

272 304 353

275 306 357

275 302 355

273 305 357

272 303 356

271 305 354

271 304 356

271 301 353

273 306 357

272 302 354

272 305 355

272 304 356

273 305 355

272 304 355

275 305 355

274 301 356

271 304 359

272 302 352

271 305 353

271 305 356

275 302 354

275 308 360

271 306 351

270 306 354

270 301 353

272 303 356

271 307 356

272 304 353

270 306 352

272 305 356

272 304 354

270 304 354

272 304 352

273 304 358

275 309 354

274 301 352

272 306 354

273 304 354

271 303 354

275 305 356

275 301 354

269 305 355

271 307 355

271 302 353

272 306 355

271 305 353

271 306 357

269 304 356

272 304 355

271 304 355

271 305 355

273 305 357

274 302 354

273 306 356

272 305 356

270 303 352

271 308 357

272 303 354

272 305 359

271 306 356

270 305 356

271 301 353

272 307 356

272 306 358

270 305 354

270 305 355

270 305 357

271 305 355

272 307 359

272 304 353

271 304 355

271 305 357

272 304 358

272 306 354

273 310 358

272 302 353

272 308 361

270 305 356

269 306 357

271 307 357

271 305 355

272 307 359

271 303 355

272 310 359

270 302 354

270 308 359

270 305 356

269 307 356

271 307 355

270 308 357

271 305 356

272 308 355

271 306 355

272 308 358

271 310 356

271 307 353

272 310 358

271 307 354

270 308 358

272 307 358

271 305 355

268 307 356

267 307 356

272 308 357

274 308 356

271 308 356

269 310 358

266 312 348

281 302 360

273 305 356

269 306 354

270 307 357

272 308 355

262 315 358

272 302 359

