336 290 286

336 290 286

336 289 287

336 290 287

336 290 286

336 290 286

336 290 287

337 290 287

336 290 286

336 290 286

336 290 286

336 290 287

336 290 286

336 290 286

337 291 287

337 289 286

336 290 287

336 290 286

336 290 286

336 290 286

336 290 287

336 290 286

336 290 286

336 290 287

336 290 287

336 289 287

336 290 286

336 291 286

336 290 286

336 290 286

336 290 286

336 290 286

336 290 286

336 290 286

336 290 287

336 290 286

336 290 286

336 290 287

336 290 287

336 290 286

336 290 286

336 290 286

336 290 287

336 289 287

336 290 287

336 290 286

337 290 287

337 290 287

336 290 286

336 291 287

336 290 286

336 290 286

337 290 287

336 290 286

336 290 286

336 290 287

336 290 286

337 289 287

336 290 287

336 290 286

336 290 286

336 290 287

336 290 286

336 290 286

336 290 287

337 289 287

336 290 287

336 290 286

336 290 286

336 290 286

336 290 287

336 290 286

336 290 286

336 290 287

336 290 287

336 290 286

336 290 286

336 290 287

336 289 287

336 290 286

337 290 287

336 290 287

336 289 285

336 290 286

337 290 287

336 290 287

336 291 286

336 290 287

336 290 287

336 290 286

336 290 286

336 290 286

336 290 287

336 290 287

336 290 286

336 290 286

336 289 287

336 289 287

336 290 286

336 290 286

336 290 286

336 290 287

336 290 286

336 290 286

336 290 286

336 289 286

336 290 287

336 290 287

336 291 286

336 290 286

336 290 287

336 290 287

336 290 287

336 290 287

336 290 287

336 289 287

336 290 286

336 290 287

336 290 286

336 290 287

336 289 286

336 290 287

336 290 286

336 290 286

336 290 287

336 290 287

336 290 286

336 290 286

336 290 287

336 289 286

336 290 287

336 290 286

336 290 287

336 289 287

336 290 286

336 290 286

336 290 286

336 290 287

336 289 287

336 290 287

336 289 289

336 290 286

336 289 286

336 291 286

336 290 287

336 290 287

336 290 286

336 290 287

336 290 287

336 290 287

336 290 287

336 290 287

336 289 287

336 290 286

336 290 286

336 290 287

336 290 287

336 290 286

336 291 286

336 290 286

336 289 287

336 290 287

336 291 286

336 290 286

336 290 287

336 290 287

336 290 286

336 290 286

336 290 287

336 290 287

336 290 286

336 290 286

336 290 286

336 290 286

336 290 287

336 290 286

336 290 286

336 290 287

336 290 287

337 290 286

336 290 286

336 290 287

336 290 287

336 290 287

336 290 286

336 290 286

336 290 287

336 290 287

336 290 286

336 290 287

336 290 286

336 289 287

337 290 287

336 290 286

336 290 286

336 290 286

336 290 287

336 290 287

336 290 286

336 290 286

336 290 287

336 290 287

336 290 286

336 290 286

336 290 287

336 290 287

336 290 287

336 290 287

336 291 286

336 289 287

336 290 287

336 290 286

336 291 286

336 290 287

336 289 287

336 290 286

336 290 286

336 290 286

336 290 287

336 289 287

336 290 286

336 290 286

336 290 287

336 289 286

336 290 287

336 290 286

336 290 286

336 290 287

336 289 287

336 290 286

336 290 286

336 289 287

336 290 286

336 290 286

336 289 287

336 290 286

336 290 287

337 289 286

336 289 287

336 290 287

336 290 286

336 290 286

336 290 286

336 290 286

336 290 286

336 290 286

336 289 287

336 290 287

336 291 286

336 290 286

336 290 287

336 289 287

336 290 287

336 290 286

336 289 287

336 290 287

336 290 287

336 290 286

336 290 287

336 289 287

336 290 286

336 290 287

336 290 286

336 290 286

336 289 287

336 290 287

336 290 287

336 290 287

336 290 287

336 290 287

336 290 287

336 290 286

336 290 287

336 289 287

336 290 286

336 290 286

336 289 287

336 290 287

336 290 286

336 290 286

336 290 286

336 289 287

336 289 287

336 290 287

336 290 286

336 290 286

336 289 287

336 290 287

336 290 286

336 290 286

336 290 286

336 290 287

336 290 286

336 291 286

336 290 287

336 290 287

336 290 286

336 290 286

336 290 286

336 289 286

336 290 287

336 288 286

336 290 287

336 292 285

336 290 287

336 289 287

336 291 287

336 290 286

336 289 284

336 290 287

336 289 288

335 290 284

336 290 286

336 287 286

336 289 287

336 289 288

336 290 286

336 290 287

336 288 288

336 291 284

336 290 287

336 289 288

336 289 287

337 291 286

336 290 287

336 290 286

335 289 286

336 290 286

337 290 290

336 291 286

336 291 286

336 290 287

336 290 286

336 290 286

336 290 285

336 289 287

336 289 287

336 290 287

336 290 286

336 290 287

336 289 286

336 290 287

336 290 286

336 290 286

336 290 287

336 289 287

336 290 286

336 290 286

336 290 287

336 290 287

336 289 287

336 291 286

336 290 286

336 290 286

336 290 287

336 290 286

336 290 286

336 290 287

336 290 286

336 289 287

336 290 286

336 290 286

336 290 287

336 290 287

336 290 286

336 290 286

336 290 286

336 289 287

336 289 287

336 290 286

336 290 286

336 290 287

336 289 287

336 290 286

335 289 286

336 290 286

336 290 287

336 289 287

336 290 286

336 290 286

336 290 287

336 289 287

336 290 287

336 290 286

336 290 286

336 290 287

336 289 287

336 290 286

336 290 286

336 289 287

336 290 287

336 290 286

336 290 287

336 290 286

336 289 287

336 290 287

336 290 286

336 290 286

336 290 286

336 289 287

336 289 287

336 290 287

336 290 287

336 290 287

336 290 287

336 290 286

336 290 286

336 289 287

336 290 287

336 290 287

336 290 286

336 290 286

336 289 287

336 289 287

336 290 287

336 291 286

336 290 286

336 290 287

336 290 287

336 290 286

336 290 286

336 290 287

336 290 287

336 290 286

335 291 285

336 290 285

336 289 287

336 289 287

336 290 286

336 290 286

336 290 287

336 289 287

336 290 286

336 290 286

336 290 287

336 289 287

336 290 287

336 290 286

336 290 287

336 290 286

336 290 286

336 290 287

336 290 286

336 289 286

336 290 287

336 290 287

336 290 286

336 290 286

336 290 287

336 289 287

336 290 286

336 290 286

336 289 287

336 290 287

336 289 287

336 290 287

336 290 286

336 290 287

336 289 287

336 290 286

336 290 287

336 290 287

336 290 287

336 289 287

336 290 287

336 290 286

336 290 287

336 289 287

336 290 286

336 290 286

336 290 287

336 289 287

336 289 287

336 290 286

336 290 286

336 290 287

336 290 287

336 290 287

336 290 286

336 290 286

336 290 287

336 290 287

336 290 287

336 290 286

336 290 286

336 289 287

336 290 286

336 290 286

336 289 287

336 290 287

336 289 287

336 291 284

336 290 286

336 290 287

336 288 288

336 290 287

336 291 284

336 290 286

336 290 286

336 289 287

336 290 286

336 290 286

336 290 287

336 289 287

336 290 287

336 290 286

336 290 286

336 290 287

336 290 286

336 290 287

336 290 286

336 289 287

