300 303 390

304 302 390

305 301 390

304 300 387

303 300 388

310 296 390

306 303 390

308 298 388

303 295 381

308 299 390

311 300 393

313 298 388

315 294 388

312 302 390

313 300 391

307 305 390

314 304 390

314 307 394

308 304 393

310 304 392

312 304 392

308 309 394

310 307 392

310 308 393

310 307 394

308 308 393

308 308 393

312 301 390

310 308 393

313 305 394

314 306 391

312 305 393

313 303 393

314 305 394

314 306 394

311 306 393

312 306 390

319 295 388

327 316 378

331 367 413

320 340 395

332 349 399

334 343 404

332 345 400

335 354 403

331 349 398

337 348 404

324 344 403

321 328 400

321 334 400

324 337 401

319 332 401

323 328 400

322 334 405

321 330 400

322 332 401

321 333 403

319 328 401

319 334 402

319 331 401

318 329 400

320 332 401

319 329 402

316 331 400

320 332 402

316 329 401

316 332 400

317 332 401

315 334 399

316 332 402

316 329 402

318 332 403

318 332 400

316 331 400

318 332 402

316 331 399

317 333 400

317 334 401

316 332 400

316 331 400

314 334 399

317 335 401

315 332 400

316 335 400

315 333 401

318 333 400

316 337 401

314 333 400

315 334 400

312 334 400

314 333 400

315 334 400

313 335 400

316 333 402

315 335 400

314 336 400

314 334 400

315 334 401

315 334 403

313 335 401

312 338 401

312 329 399

310 339 396

312 336 400

319 331 402

309 330 404

318 330 398

315 337 408

321 334 399

306 328 395

311 336 398

314 332 396

300 332 394

297 320 392

292 327 392

304 334 397

300 330 392

295 328 391

298 325 390

302 329 394

299 333 396

297 334 394

294 336 392

293 335 392

295 333 394

295 334 392

296 335 392

296 332 393

297 333 394

298 338 395

300 334 394

301 335 395

300 335 393

299 333 396

295 331 392

295 331 393

305 327 397

303 329 396

301 326 398

309 325 397

314 316 399

314 312 399

313 317 400

303 314 398

289 331 391

295 322 391

299 320 391

298 324 392

296 324 390

299 322 391

300 318 391

300 320 394

299 320 393

300 316 391

299 319 393

295 320 394

300 318 393

299 316 391

303 318 395

302 321 395

296 319 391

298 319 389

297 320 388

295 320 390

294 318 390

296 313 390

299 320 393

291 320 391

290 311 387

298 321 391

295 318 391

298 316 391

297 317 392

293 316 390

295 317 389

297 319 391

297 320 394

301 312 392

301 317 394

301 313 392

300 315 395

303 317 396

303 310 393

307 308 391

310 314 395

307 316 397

303 312 396

307 315 395

308 313 396

307 311 393

309 312 394

311 312 397

304 316 396

308 311 393

312 309 393

309 312 393

307 313 394

307 312 395

306 313 394

304 311 391

305 309 394

308 312 394

305 316 395

304 313 393

305 313 394

306 311 392

307 310 393

303 312 393

305 312 392

306 312 393

305 314 394

303 313 393

303 314 392

302 316 393

304 310 394

303 315 394

300 315 392

302 316 394

300 314 393

304 308 393

307 309 391

304 316 392

307 309 393

303 312 393

310 310 393

311 310 395

311 310 393

310 308 395

310 309 394

312 307 395

312 310 395

308 312 395

309 308 393

309 312 394

314 307 395

308 312 395

307 309 394

310 310 395

308 309 394

307 311 393

305 309 391

309 309 393

306 312 394

306 314 395

305 310 392

307 308 393

305 310 394

308 311 395

305 311 393

307 309 392

308 311 393

306 312 395

304 314 395

305 310 393

306 310 392

305 312 394

308 312 396

305 312 395

308 310 394

306 312 393

304 310 392

308 310 391

306 311 394

304 314 394

307 313 397

313 306 394

312 308 394

311 313 396

310 308 395

313 308 396

316 307 397

308 309 395

313 313 395

313 310 396

314 311 396

312 310 396

315 309 397

312 311 395

315 311 397

315 312 396

313 310 396

314 310 395

315 308 395

314 311 396

313 310 397

313 307 395

313 312 395

312 312 396

313 310 396

314 309 396

313 309 396

312 309 395

312 312 396

315 309 396

313 311 397

315 309 395

313 310 394

315 309 395

312 312 398

314 310 396

315 311 396

315 309 396

312 311 395

315 309 396

316 311 397

316 310 394

314 308 394

315 311 395

314 311 395

313 312 396

312 311 396

311 309 394

314 309 396

313 312 396

315 312 395

312 310 395

315 309 395

316 309 396

313 314 397

315 312 396

315 313 396

316 308 396

314 309 394

316 309 395

315 312 395

313 310 396

314 312 398

315 312 397

310 315 396

310 312 396

313 308 395

316 308 396

316 312 397

313 312 396

314 312 397

315 310 396

316 311 397

312 313 396

314 311 396

311 312 397

316 310 396

316 312 396

315 312 396

313 312 396

315 310 397

313 312 396

316 312 397

313 310 394

311 313 396

314 311 396

312 311 395

313 311 395

312 315 397

313 310 396

315 311 397

316 312 397

313 312 395

314 309 395

314 313 397

313 313 397

313 312 395

311 310 395

315 315 398

314 310 397

313 311 396

308 312 394

313 311 396

309 315 397

310 312 396

311 312 396

312 311 396

312 312 396

311 313 397

313 311 397

311 312 396

311 311 395

314 310 395

316 311 396

313 312 397

315 309 395

313 312 395

313 312 396

311 310 396

313 310 395

310 312 396

308 313 396

311 312 396

310 310 396

312 310 396

311 311 395

310 312 396

312 313 397

313 309 396

310 311 394

311 311 395

313 312 395

314 307 396

311 313 396

309 312 396

310 312 395

312 309 394

311 316 396

313 310 395

312 311 396

310 312 396

312 306 395

314 309 396

316 306 394

315 307 393

312 306 394

321 300 393

324 300 395

323 307 395

319 306 396

323 305 396

321 307 396

323 303 395

324 308 395

324 306 395

320 307 396

321 306 396

322 312 397

318 310 396

319 307 396

320 307 398

320 310 397

318 309 396

321 309 395

318 310 396

321 312 396

321 305 397

318 307 396

318 310 396

322 311 397

318 311 397

320 307 395

320 311 397

320 313 398

320 312 398

319 312 398

319 312 398

318 312 398

318 310 397

320 313 399

318 312 398

317 309 395

318 314 398

316 313 397

320 310 397

318 308 396

319 313 397

315 313 398

316 315 398

317 309 397

319 311 396

316 312 396

316 314 398

318 312 398

317 310 396

319 310 396

317 312 397

318 313 399

317 311 398

316 308 395

319 311 396

319 311 397

319 309 395

319 310 397

317 312 396

319 310 396

318 306 396

319 311 398

321 310 396

319 311 395

320 308 395

320 311 397

319 308 395

321 310 397

319 310 397

321 305 396

321 311 398

317 312 398

320 310 396

320 307 396

320 309 397

319 309 397

320 308 396

318 312 398

320 308 398

320 308 396

319 309 397

317 308 395

320 310 396

318 312 397

321 308 399

322 307 397

322 310 395

323 312 397

321 311 398

321 308 396

321 309 396

322 309 396

321 309 397

320 309 397

323 311 398

320 309 396

321 309 396

322 308 396

320 310 397

321 311 397

322 311 397

321 307 396

