279 375 333

278 379 332

279 380 329

282 378 332

286 377 331

284 380 333

275 368 322

278 374 321

275 368 316

273 359 305

303 332 398

304 335 398

304 335 396

304 332 399

307 329 400

310 327 403

307 325 400

306 331 397

306 331 398

319 314 396

316 313 405

313 319 400

308 322 397

309 323 393

314 316 401

315 315 403

315 318 400

310 323 398

309 324 394

316 323 403

318 316 404

318 316 403

314 322 398

311 323 396

316 319 402

318 316 404

319 316 403

313 322 398

311 323 396

314 318 401

318 316 403

319 315 404

314 319 397

310 323 396

312 320 399

316 318 403

321 314 403

315 321 399

310 323 395

311 326 396

318 318 401

321 317 405

317 320 401

312 323 397

309 324 393

316 318 401

318 316 402

318 316 403

313 323 398

311 324 394

315 319 401

319 318 403

319 316 405

314 321 398

310 325 396

312 325 398

320 320 403

321 316 405

313 324 400

312 325 398

312 325 396

319 319 404

323 319 405

317 322 401

314 324 398

311 325 396

318 321 403




313 328 396

316 328 401

320 324 406

322 326 405

313 328 401

312 332 396

319 326 403

322 324 406

318 325 401

310 329 393

306 324 396

313 319 403

325 324 405

316 328 400

312 332 399

314 328 399

319 323 404

322 321 407

317 328 401

312 329 399

