365 328 279

361 327 281

363 327 280

363 327 280

363 328 280

362 327 280

365 327 278

361 326 281

363 327 281

364 328 280

361 327 280

362 326 279

364 327 279

364 327 280

362 327 280

364 328 280

362 327 280

364 328 279

362 327 281

363 328 280

364 328 279

364 328 279

364 328 281

361 328 281

363 327 280

363 326 279

364 327 280

363 327 280

364 328 280

364 328 279

362 327 282

364 327 279

363 327 279

361 327 280

364 328 280

362 327 281

363 327 280

361 327 280

362 328 280

363 328 281

364 328 280

362 328 280

364 328 279

361 327 281

364 327 278

363 328 280

362 328 282

363 327 279

363 327 278

363 328 280

364 328 280

363 328 280

363 328 280

364 328 279

362 327 280

362 327 280

364 327 280

363 327 280

362 327 279

363 327 280

363 328 280

363 327 279

363 327 280

362 327 280

362 327 280

363 327 279

363 327 279

362 327 280

361 326 280

364 327 279

362 328 279

362 328 280

362 327 280

362 327 280

362 327 280

362 327 279

362 327 280

362 327 279

362 327 280

364 328 278

361 327 281

364 326 276

359 325 280

361 327 276

358 329 283

361 327 277

361 327 282

362 324 281

361 326 283

361 327 276

356 323 279

365 323 277

363 323 278

353 318 275

358 324 276

357 324 279

359 324 281

360 323 282

260 337 242

401 305 278

311 317 268

334 307 284

308 281 295

295 291 319

290 293 326

281 292 326

276 294 327

270 287 329

280 302 348

273 279 342

252 332 346

249 327 346

264 328 360

271 373 392

284 312 359

272 329 359

264 382 382

258 338 353

272 354 368

260 339 361

264 353 369

281 335 361

270 364 358

261 359 358

268 344 366

284 337 367

280 348 378

265 339 375

