364 346 287

348 343 284

351 358 282

363 345 290

356 356 282

348 387 297

350 339 285

345 371 270

365 376 248

339 348 320

351 365 300

263 393 235

327 350 282

353 420 282

268 363 280

322 346 208

320 387 286

332 399 304

311 359 308

322 416 336

284 352 306

322 422 337

354 363 328

242 394 336

313 404 351

276 379 333

303 384 363

286 379 355

292 398 347

272 364 334

310 386 363

288 375 334

293 395 340

287 386 339

290 384 337

296 389 344

294 389 348

292 394 339

292 387 339

294 385 340

296 392 342

296 387 340

292 388 338

294 389 339

291 390 337

294 389 340

291 388 338

295 389 340

292 388 338

295 386 342

292 390 337

291 389 338

295 388 340

292 387 339

292 387 337

293 388 339

293 388 338

293 388 338

294 386 338

294 389 339

291 392 344

300 389 340

296 353 330

294 472 339

350 300 323

241 365 332

315 439 332

306 350 306

278 401 339

313 409 335

266 352 296

315 432 358

285 356 300

295 404 346

302 393 318

259 356 317

325 444 340

259 337 293

319 477 371

278 330 247

324 422 367

302 380 268

290 396 352

317 408 261

273 386 313

359 444 232

236 354 275

395 430 382

220 344 263

371 420 373

225 350 271

381 427 370

218 355 262

348 404 374

228 383 274

327 419 372

225 366 268

361 450 373

207 359 257

388 428 384

192 351 261

417 426 393

181 327 254

431 457 372

236 353 280

423 404 365

204 345 268

415 409 374

186 342 257

363 381 368

204 402 257

281 370 346

295 467 264

255 417 310

437 466 377

203 320 253

439 416 385

123 331 233

423 413 396

123 337 228

415 412 391

114 362 224

342 399 383

222 457 232

256 426 319

377 507 243

284 423 313

490 481 355

201 324 257

481 434 374

89 305 218

424 407 394

111 370 219

310 389 364

236 476 209

244 443 314

443 517 354

208 334 253

432 438 402

109 374 208

299 383 306

350 509 221

256 403 288

432 533 348

187 328 268

344 366 342

298 478 170

261 440 300

476 498 262

291 350 271

419 475 389

105 357 245

259 376 311

381 533 287

258 383 272

444 467 382

143 352 237

289 386 328

365 478 250

289 403 306

415 414 351

175 358 260

266 363 320

383 493 291

293 380 312

439 380 370

166 342 254

344 396 387

264 474 201

280 435 324

448 474 339

223 325 269

389 391 391

195 412 261

244 397 313

427 499 330

256 349 298

322 317 358

297 463 226

261 441 314

467 496 339

221 329 276

344 339 371

258 464 217

300 458 339

404 428 379

185 366 238

266 410 321

399 478 354

190 345 264

312 373 347

287 488 190

288 445 319

436 496 326

280 342 296

433 384 369

164 354 234

270 389 308

402 547 253

286 384 296

401 384 380

207 398 190

287 430 331

403 530 294

255 355 286

435 414 399

164 318 233

356 422 370

231 433 199

268 437 316

392 513 351

219 334 278

351 355 369

242 437 201

281 424 336

313 544 211

300 445 341

337 472 313

275 390 311

440 452 381

188 310 248

369 378 382

269 455 186

283 449 329

425 481 368

167 327 253

284 348 321

356 494 237

272 399 311

441 480 336

241 329 278

393 421 391

199 383 204

270 401 326

384 495 328

219 338 280

358 406 371

252 392 210

292 429 340

384 483 311

232 345 292

436 427 395

173 312 236

342 412 375

250 419 210

259 393 317

390 512 303

215 339 258

376 434 385

279 389 206

273 400 320

384 481 368

195 318 248

337 386 354

329 391 281

243 350 275

