338 456 334

212 313 247

331 500 384

292 334 220

319 395 330

307 393 310

280 352 310

299 390 320

291 385 314

265 374 295

288 377 308

293 372 312

265 354 304

273 360 307

277 360 307

275 359 307

275 357 306

275 358 309

274 358 306

273 352 307

273 352 307

273 351 305

272 350 306

272 349 307

273 349 307

272 349 305

325 354 348

322 324 272

298 314 271

312 356 278

314 356 276

313 356 277

315 358 277

315 358 277

317 358 276

317 359 277

318 360 277

318 359 278

319 363 279

319 361 278

320 362 278

321 362 277

321 362 278

322 362 278

322 362 278

322 363 278

323 364 278

324 364 279

324 364 279

325 365 279

324 365 279

325 364 279

326 366 279

327 366 280

327 365 280

327 366 279

327 366 278

328 366 280

327 366 280

328 367 280

328 367 280

329 367 280

330 367 280

330 368 280

330 368 280

331 368 280

331 368 280

331 368 281

331 368 280

331 368 280

332 368 280

332 368 281

332 368 281

332 369 281

333 369 281

333 369 281

334 369 281

334 369 282

334 369 281

335 369 281

335 369 282

335 369 282

334 371 282

336 370 282

335 369 282

336 370 282

336 369 284

337 370 283

337 370 283

337 370 282

337 370 283

337 370 283

338 371 283

338 371 283

338 371 283

339 371 283

339 371 284

339 371 284

339 371 283

339 371 284

339 371 284

340 371 284

340 371 284

340 371 284

340 371 284

340 371 284

340 371 284

341 371 284

341 371 284

341 371 284

341 371 284

342 371 284

342 371 284

342 371 284

342 371 284

342 371 285

343 372 285

343 372 285

343 372 284

343 372 285

344 372 285

344 372 285

344 372 285

344 372 286

344 372 286

344 372 286

344 372 286

344 372 285

