295 309 388

298 314 391

294 307 386

296 312 390

299 311 390

296 307 388

297 305 387

299 310 387

296 307 384

295 307 384

294 319 388

307 317 384

275 302 374

307 342 404

298 301 393

300 304 391

296 303 386

304 330 400

303 307 387

298 316 396

295 318 395

299 300 389

316 314 384

313 310 387

300 319 396

315 315 395

310 309 401

301 326 414

295 299 395

309 312 399

302 292 382

326 315 397

307 295 383

324 310 392

307 305 391

304 322 398

298 321 398

297 319 390

291 324 385

307 345 403

310 356 407

300 341 394

306 349 399

307 355 397

304 348 400

309 355 395

303 339 393

308 352 392

297 357 380

346 359 407

348 385 367

381 382 352

370 390 329

391 371 307

375 379 317

387 378 319

382 377 310

375 378 317

374 368 320

375 358 319

390 376 302

371 381 298

371 362 313

380 361 314

377 372 309

378 374 310

382 371 310

375 371 310

384 368 316

372 367 312

372 371 315

386 374 311

381 375 312

375 373 309

380 361 312

377 367 313

378 374 311

380 372 310

376 371 307

376 369 310

377 370 310

373 370 307

377 369 307

377 372 308

375 372 307

375 368 307

373 368 307

377 370 308

376 370 305

375 369 305

376 367 305

376 371 304

377 372 305

376 368 305

372 367 306

375 370 307

376 372 306

375 370 305

374 368 305

375 369 305

375 371 304

375 369 304

373 368 304

375 369 305

376 370 304

374 368 304

375 368 304

375 369 304

376 369 304

375 368 303

374 368 303

375 368 304

374 368 303

375 368 304

375 367 304

375 368 303

374 368 303

374 367 302

375 368 303

374 368 302

374 366 302

375 367 303

375 368 301

374 367 301

374 367 303

375 367 302

372 368 302

375 367 302

375 368 303

373 366 302

374 366 301

374 368 301

375 368 302

374 366 302

373 365 301

376 367 302

375 367 302

373 366 301

375 366 302

374 367 302

374 366 301

374 366 301

374 367 302

374 365 301

374 366 301

375 367 301

375 368 300

374 366 301

374 365 302

374 367 301

374 367 300

374 366 302

374 366 302

373 366 302

374 364 300

375 369 300

376 368 302

374 361 302

374 364 302

377 367 302

376 367 302

374 364 300

376 364 302

375 366 301

376 366 301

375 364 301

374 365 301

375 366 299

377 366 301

375 364 300

305 296 389

310 299 389

305 300 390

305 306 392

305 305 391

303 304 390

304 300 390

304 308 393

307 306 391

306 307 392

305 305 392

309 305 391

304 304 391

304 305 391

307 304 391

307 306 391

304 305 392

306 304 392

308 307 392

308 306 391

309 306 391

305 304 391

310 308 392

307 305 392

307 305 392

307 304 390

310 305 391

304 306 392

306 306 393

304 306 392

303 304 390

307 306 392

308 307 392

304 305 392

305 308 392

307 304 391

310 307 392

306 307 393

307 308 392

310 304 390

306 304 391

308 303 391

307 306 391

306 304 392

306 306 392

307 306 391

307 307 391

304 305 391

305 307 391

306 306 391

309 305 391

303 306 393

307 307 392

305 305 391

308 304 391

307 309 394

303 308 392

308 304 390

308 301 389

306 303 392

306 306 393

306 304 391

312 305 390

304 304 392

308 303 391

307 303 390

305 307 393

306 304 391

310 303 390

307 305 392

307 307 391

308 307 393

305 307 392

307 305 392

305 300 391

306 306 392

307 308 392

309 306 391

305 307 392

310 304 390

302 302 389

307 305 391

302 300 389

307 305 391

303 305 392

307 304 391

