254 372 299

277 337 324

265 366 329

273 366 326

271 366 321

287 343 333

237 426 287

279 336 321

280 360 331

249 379 314

285 345 328

271 375 317

284 372 332

283 361 329

270 372 320

278 367 321

276 368 324

275 366 322

275 366 322

274 367 321

275 367 321

274 367 322

276 369 322

277 366 321

274 368 321

275 367 320

274 367 321

276 366 321

275 368 320

279 368 321

275 368 320

275 366 321

275 367 321

275 368 321

274 368 321

275 367 319

276 368 323

273 361 322

271 366 318

276 367 329

273 361 312

296 394 304

288 380 313

294 380 319

280 375 309

287 391 317

284 357 306

295 392 320

295 378 323

290 383 313

300 379 314

282 388 300

308 375 296

300 401 292

264 422 316

330 362 313

268 419 317

324 357 334

293 387 300

302 398 330

297 379 325

285 386 315

317 394 325

291 372 347

176 383 329

297 392 324

292 381 328

350 479 302

242 409 320

263 331 344

336 336 313

276 450 329

255 443 273

347 322 376

306 349 377

227 365 348

275 467 345

305 298 290

312 463 370

338 300 243

321 412 386

341 341 252

288 384 360

352 376 271

293 391 368

341 374 259

307 402 364

323 403 297

258 385 344

336 417 294

277 427 352

335 376 267

305 428 336

351 310 229

351 449 371

298 336 294

333 414 355

270 371 325

306 377 331

294 411 342

282 374 329

293 387 333

290 391 330

293 387 335

292 387 335

289 387 336

291 385 334

292 387 335

290 385 337

289 386 334

291 386 336

292 386 335

291 387 335

290 384 337

288 383 334

293 389 335

290 385 334

291 386 335

292 386 335

291 387 336

291 387 336

291 386 335

291 387 335

292 384 333

292 386 340

281 368 325

273 395 334

280 383 338

300 397 353

275 381 344

306 374 346

286 397 328

283 364 324

321 368 373

237 409 286

195 294 292

284 476 327

301 352 348

263 368 315

317 341 348

242 464 336

242 271 328

294 524 334

260 286 339

321 483 301

308 283 332

310 452 305

280 357 325

308 349 325

258 449 313

309 301 337

270 486 311

329 294 344

286 465 292

323 318 348

296 380 292

278 421 332

289 333 333

248 478 304

342 296 350

300 393 299

274 412 334

299 337 329

259 458 296

302 357 350

304 402 269

309 360 351

285 356 313

242 455 296

348 292 345

267 445 273

295 395 338

304 331 307

268 431 304

336 309 339

265 484 279

323 317 353

290 394 273

288 407 325

332 300 347

251 503 271

318 335 348

299 362 259

300 412 311

316 284 349

258 526 262

327 312 348

324 369 246

278 425 312

332 284 361

308 452 229

319 392 335

312 308 347

266 503 255

326 349 338

323 338 295

275 438 296

314 304 344

297 427 259

315 395 330

306 313 332

272 504 284

318 320 336

319 364 305

280 421 278

312 325 340

299 396 263

301 402 318

310 303 338

284 488 266

313 369 335

308 334 321

256 468 284

314 317 345

305 384 256

295 418 316

311 298 347

298 428 255

307 403 323

315 310 343

273 479 255

314 387 335

315 322 338

264 492 275

318 343 340

313 360 295

284 432 300

313 315 345

301 386 252

309 405 311

314 308 344

302 438 259

303 408 321

324 302 348

273 482 246

312 389 339

315 318 328

264 484 276

309 367 339

317 347 308

273 436 290

313 323 342

345 414 278

291 390 320

316 325 335

287 469 283

302 379 336

317 335 322

273 476 288

309 360 343

298 365 292

289 438 316

320 292 347

287 463 269

307 390 335

312 320 333

