299 322 393

301 323 395

301 323 395

299 324 394

299 323 393

301 321 392

300 327 397

301 327 396

300 323 394

298 324 394

300 324 394

302 328 398

298 323 393

297 322 392

301 322 393

303 328 400

300 323 394

302 323 393

299 324 394

302 328 399

297 325 394

301 321 392

300 327 396

299 320 393

300 323 395

298 328 395

298 325 394

302 324 395

299 326 395

300 324 393

300 327 396

300 325 394

298 324 394

299 328 396

302 327 396

301 324 391

297 323 394

303 328 400

302 327 396

300 324 394

298 328 395

302 323 392

300 327 396

300 327 395

301 326 394

299 329 396

296 324 397

298 330 400

304 320 390

311 326 390

307 326 396

302 323 397

298 330 397

301 326 394

304 328 396

304 327 397

299 324 396

301 326 393

302 325 395

304 326 396

300 329 399

302 327 394

303 326 396

301 331 398

310 324 400

298 330 397

302 327 395

304 328 396

303 328 398

305 331 397

302 328 394

300 319 393

305 327 396

295 326 398

300 320 391

293 310 385

306 316 393

294 314 386

285 314 388

289 302 393

289 330 397

275 284 371

307 313 390

304 295 393

324 277 357

301 253 353

304 288 371

298 301 383

306 308 386

294 286 374

294 289 376

295 293 377

293 292 372

295 293 376

295 291 378

294 291 374

290 289 371

292 293 374

295 291 373

292 288 371

292 289 372

294 290 372

298 293 370

289 288 372

290 289 371

282 284 369

281 302 376

291 306 380

293 339 391

289 344 390

281 335 391

291 327 391

295 320 392

291 324 389

291 329 393

305 316 392

297 313 388

293 320 390

290 319 389

291 318 390

300 323 392

291 318 389

302 314 389

293 329 387

292 310 388

297 316 388

294 320 393

297 331 397

295 322 390

295 326 392

300 330 395

292 327 388

292 324 391

294 323 392

297 328 393

293 329 394

308 338 395

303 315 396

292 318 392

291 327 393

286 327 388

296 328 387

282 310 379

284 321 386

292 320 387

283 319 390

288 315 386

291 316 386

292 316 388

289 319 384

292 316 387

292 319 391

290 315 387

292 319 389

287 314 386

293 319 390

292 316 386

291 319 388

295 317 389

287 320 391

296 310 385

292 317 386

295 323 392

291 321 390

295 318 388

288 319 388

291 323 389

293 317 387

291 319 389

291 322 391

290 323 389

290 321 387

293 323 390

294 323 394

297 324 394

293 322 390

292 313 388

287 318 388

293 320 391

295 316 388

287 316 383

294 311 386

288 319 388

295 309 382

291 320 389

290 310 384

292 312 386

294 314 386

290 319 390

296 318 390

298 319 391

295 317 391

292 316 388

288 319 388

298 316 388

297 318 392

293 323 395

295 319 389

291 314 390

292 315 387

294 321 392

297 324 392

293 317 390

291 316 388

297 318 390

292 320 391

292 318 389

294 317 390

292 316 390

295 319 391

291 317 390

290 317 386

295 316 390

296 320 390

295 316 388

292 323 390

289 315 389

296 309 389

310 316 392

285 309 384

298 328 393

294 328 395

295 326 394

295 320 391

295 317 390

302 312 396

290 326 394

300 329 394

298 318 391

295 320 392

300 326 395

295 312 391

295 312 387

299 321 392

298 313 391

287 305 387

296 305 384

297 311 390

307 314 393

296 307 390

295 312 389

295 308 388

304 306 389

305 313 395

301 308 389

291 304 384

292 311 384

310 299 383

298 326 399

300 307 391

300 307 389

302 310 392

299 304 389

304 303 388

297 308 388

300 313 391

300 309 392

298 312 390

300 309 390

298 305 387

296 308 389

296 307 389

300 311 390

299 308 389

302 309 390

299 306 389

301 314 390

295 312 390

299 308 390

300 309 389

300 311 391

298 313 392

296 312 389

305 308 391

292 311 388

302 311 392

301 313 390

300 307 387

298 318 395

300 311 391

299 313 392

299 316 392

296 311 392

296 310 389

298 312 390

296 309 387

294 315 390

297 309 390

299 309 387

296 312 388

300 313 391

298 310 388

298 308 388

294 308 388

297 309 389

297 315 393

301 315 393

298 313 393

299 319 393

295 312 391

298 310 391

302 316 394

298 321 393

296 311 389

300 314 391

295 308 388

303 315 391

298 311 389

300 321 394

294 305 389

307 320 394

292 308 390

297 311 389

302 310 391

300 326 395

290 302 388

299 314 389

298 304 390

302 315 390

288 309 388

303 319 391

293 308 389

304 316 393

298 308 390

297 314 391

305 310 390

287 310 389

308 319 392

289 309 388

306 321 393

292 309 390

299 315 390

292 310 388

304 321 392

296 314 393

294 310 388

313 334 401

279 308 388

294 299 384

296 309 388

303 318 393

291 310 390

298 312 389

297 310 388

302 320 391

273 278 371

307 335 396

288 308 389

298 308 388

299 313 389

295 311 389

301 316 388

290 305 388

303 323 392

302 311 390

284 310 388

311 323 393

285 307 388

305 319 391

302 321 395

279 300 386

320 322 392

286 314 391

300 319 393

301 320 391

273 295 380

321 322 392

277 305 388

314 328 395

302 307 387

277 299 384

325 323 391

268 303 382

311 324 392

288 308 390

297 316 390

311 319 390

271 281 372

327 326 396

269 301 383

318 330 396

288 295 380

300 320 393

302 309 386

279 304 383

318 323 396

271 299 380

317 333 395

281 305 392

301 317 390

304 323 389

259 287 372

333 342 401

278 300 384

295 315 389

307 326 391

268 284 375

336 342 403

271 285 371

312 318 378

288 330 399

307 300 382

268 291 368

312 348 390

282 296 382

304 305 380

295 324 393

286 301 382

293 316 385

298 316 391

289 313 388

291 303 386

296 310 385

291 303 386

297 318 388

283 284 376

318 343 402

251 248 349

321 352 402

284 293 382

302 310 385

301 333 394

267 290 374

330 348 404

265 286 371

298 332 395

317 318 393

263 286 376

332 332 396

249 277 366

330 349 407

267 286 368

308 339 400

291 302 381

281 310 388

313 316 391

280 298 382

302 327 393

291 312 388

287 303 383

299 317 390

286 306 385

302 316 389

287 307 385

302 316 390

285 308 388

303 313 389

278 300 382

309 322 392

284 304 385

304 316 391

287 311 389

302 313 389

295 309 385

280 313 388

306 315 391

285 305 386

314 329 400

289 296 381

304 325 398

293 303 385

297 309 387

303 319 393

297 309 389

298 315 390

295 307 389

297 315 391

296 308 387

295 310 389

299 313 390

296 306 387

293 307 388

298 311 391

300 311 390

295 313 388

295 302 385

298 313 389

296 310 390

295 308 390

297 305 387

294 306 387

297 307 387

297 312 390

297 306 388

297 307 387

297 309 388

295 306 387

295 308 387

298 314 391

295 306 388

296 306 387

296 309 389

298 309 389

292 306 385

300 312 390

296 316 392

298 305 387

296 313 391

297 307 387

294 315 391

294 312 391

296 303 386

299 312 389

297 312 391

295 307 387

297 310 390

292 312 390

296 306 387

291 304 384

295 301 386

303 313 389

294 308 388

