247 393 344

300 378 361

291 373 351

276 383 336

298 373 338

274 376 344

272 360 339

268 369 338

271 371 341

268 364 335

276 364 348

268 364 346

273 361 351

271 361 356

265 354 348

265 353 347

270 337 349

268 340 350

272 337 358

265 342 360

268 343 360

268 339 358

264 338 355

267 335 363

272 336 361

268 337 362

267 337 360

266 337 359

268 338 360

269 339 361

268 339 362

267 343 362

266 342 357

270 338 360

270 340 364

268 343 363

269 341 360

270 344 364

269 343 365

272 346 367

274 347 367

270 347 364

271 344 363

271 346 366

271 346 367

272 345 366

270 346 361

270 347 365

269 346 365

271 344 365

269 344 365

272 344 365

273 344 365

270 345 366

271 344 365

273 343 365

271 346 364

269 347 359

271 348 353

267 350 356

265 352 353

259 355 350

271 344 353

262 352 361

259 342 352

268 346 366

263 318 339

275 340 371

265 327 362

272 328 363

267 330 364

270 329 363

268 329 364

268 329 363

271 332 364

270 332 363

266 332 361

265 330 361

270 331 362

267 329 363

267 326 363

268 327 360

268 329 357

265 326 359

274 330 361

267 330 358

265 332 359

269 330 366

263 330 358

269 330 347

272 332 363

270 328 366

267 332 361

272 337 366

268 333 355

254 333 347

262 339 353

279 340 357

258 332 354

264 342 353

261 336 350

262 338 355

264 346 355

268 337 353

270 346 356

267 341 358

267 342 357

269 338 364

275 348 367

280 350 367

255 319 341

263 336 348

269 344 362

262 332 348

262 351 350

262 348 354

263 344 357

264 328 363

266 322 366

275 312 364

281 310 364

283 310 374

271 302 363

275 323 371

273 319 363

275 313 369

276 312 371

275 316 365

282 312 369

278 303 366

256 319 354

269 316 365

274 312 368

281 315 369

274 312 365

271 305 367

268 309 364

273 314 363

269 311 363

272 312 365

277 313 365

270 313 365

269 315 368

275 318 369

271 321 363

271 319 364

263 312 364

270 318 376

250 337 376

272 309 364

272 315 364

276 313 375

278 312 365

257 331 368

254 326 364

272 352 372

241 297 310

257 317 342

259 315 350

242 369 376

238 280 346

292 290 383

281 298 382

301 296 374

291 302 376

297 298 380

306 294 382

302 290 380

300 293 384

301 295 384

314 329 397

311 332 401

313 328 399

308 332 396

313 328 403

313 332 400

308 330 397

311 332 403

314 331 400

312 328 397

310 332 401

313 329 400

312 334 398

307 327 399

313 333 404

313 329 398

311 330 398

316 332 402

314 328 400

310 333 398

308 330 398

313 335 403

316 329 399

312 331 398

312 330 401

316 329 399

312 331 397

310 328 400

315 332 403

315 327 398

314 330 398

316 327 402

317 330 399

313 327 396

311 328 400

316 334 403

318 327 398

315 329 398

314 329 403

316 332 401

314 328 398

313 330 401

319 329 404

318 327 398

315 330 398

316 327 405

318 332 402

314 328 397

315 332 401

320 329 404

319 327 399

313 328 398

316 330 404

317 331 401

316 328 399

316 333 400

319 329 403

318 330 399

313 328 398

316 330 404

317 330 401

316 327 398

316 332 401

321 327 404

318 331 399

313 326 396

316 332 405

319 333 403

315 335 396

317 338 401

324 329 403

323 333 401

319 327 400

322 333 406

331 331 402

324 328 399

321 327 400

324 327 405

323 329 401

321 328 398

323 327 403

331 326 403

324 327 399

321 324 400

325 328 405

325 327 401

323 325 399

324 330 404

328 324 401

324 328 399

321 326 401

324 330 405

324 328 400

323 326 399

324 329 403

328 325 402

323 329 399

322 327 400

321 331 405

326 327 401

323 327 400

324 327 404

323 326 401

319 330 399

320 327 402

323 328 405

322 326 399

319 329 400

323 327 403

323 326 401

318 326 399

318 326 406

325 328 400

323 327 398

320 326 401

323 327 405

322 327 402

318 327 397

320 328 406

326 324 401

323 326 397

321 323 402

325 325 407

327 325 400

319 324 398

322 326 404

326 324 403

325 324 399

320 327 399

323 325 404

317 324 399

320 322 400

322 326 403

327 325 402

325 323 399

320 321 402

326 326 404

325 327 399

321 328 399

326 327 404

325 327 402

324 328 400

323 325 403

323 327 404

322 329 401

321 325 398

328 325 405

325 326 402

321 329 399

319 327 404

328 334 403

324 332 397

322 331 403

330 334 404

327 332 400

322 331 403

323 331 404

328 336 401

322 333 399

324 335 403

328 335 402

323 332 398

319 332 404

326 335 403

327 339 401

322 338 402

325 336 402

329 333 401

325 334 400

320 312 399

321 327 403

318 336 399

319 333 400

320 336 407

330 331 399

320 332 399

326 331 402

321 330 401

318 335 398

319 332 406

319 327 404

322 333 399

318 335 402

324 329 404

320 333 399

316 332 399

313 328 404

322 323 399

320 329 397

318 329 402

324 325 402

318 337 399

317 330 401

332 329 399

350 330 398

304 354 419

312 348 398

309 311 401

321 326 397

375 314 405

341 342 406

294 317 384

286 308 399

306 336 398

302 335 396

302 334 397

304 333 400

299 340 389

300 328 398

304 333 399

307 319 397

303 331 396

300 327 403

306 323 392

315 320 397

313 318 400

316 319 400

316 311 398

316 321 400

320 317 400

318 321 399

316 324 399

321 320 403

319 329 400

315 329 399

319 329 402

323 324 401

320 329 398

315 331 400

319 329 403

318 332 399

317 329 400

319 329 406

323 327 401

316 333 397

317 329 402

320 328 402

316 331 398

315 330 401

319 329 405

323 328 399

314 333 397

315 328 402

318 330 402

317 331 399

315 332 401

319 329 404

321 329 398

313 333 398

317 329 403

317 330 402

317 331 399

314 333 400

321 327 404

319 329 399

311 333 397

316 329 404

319 326 402

319 331 399

318 331 402

324 320 404

319 329 398

316 328 398

318 331 404

318 330 401

317 331 399

316 330 403

322 325 401

317 333 396

318 329 401

320 328 404

321 328 400

317 330 401

315 333 405

322 324 400

315 332 398

320 328 404

320 329 401

319 333 399

318 332 403

323 330 404

317 334 397

314 334 401

320 322 405

320 329 399

316 332 400

318 329 403

319 327 402

318 331 399

318 328 401

320 327 402

316 332 400

316 326 401

320 329 405

322 335 399

315 329 400

322 329 405

317 325 401

321 334 399

316 329 402

319 332 404

319 331 399

295 342 400

310 334 402

320 323 401

316 331 399

317 329 404

325 327 402

320 333 397

319 325 400

316 328 402

318 329 400

318 324 401

319 317 402

324 328 401

320 332 398

321 329 402

325 327 404

324 331 401

316 329 402

323 327 403

325 327 401

322 329 400

322 327 403

323 326 402

319 339 400

321 322 402

320 329 402

323 328 401

321 329 400

328 325 402

322 329 400

317 331 400

335 319 404

322 328 401

321 330 401

320 326 403

325 326 402

319 329 400

321 330 403

317 338 402

322 331 401

