339 327 401

337 336 402

338 329 402

334 325 399

334 332 401

338 326 398

339 337 404

325 336 400

345 323 406

315 336 398

331 329 400

335 323 401

335 324 397

335 335 400

299 378 398

327 339 398

313 329 395

305 342 400

323 334 397

319 351 407

316 345 392

352 324 407

331 320 400

343 329 399

338 311 396

337 317 401

337 327 402

337 317 396

331 314 396

342 316 402

339 323 404

334 350 404

332 318 396

346 328 407

328 340 396

348 332 403

328 340 399

336 331 396

328 340 407

339 365 409

327 326 392

339 345 401

320 358 404

336 333 394

328 351 399

319 359 401

332 342 400

337 316 392

341 358 413

314 351 394

327 319 401

329 348 408

322 352 392

336 338 401

292 342 396

330 348 404

332 332 405

309 309 394

285 364 400

320 323 391

331 310 396

301 350 399

297 357 398

315 318 393

302 324 398

315 342 406

316 342 402

313 327 397

316 330 401

317 331 401

333 333 406

330 342 406

334 329 399

336 331 401

337 324 402

347 325 410

329 317 398

329 307 395

330 301 398

307 311 391

331 313 400

331 334 405

325 323 404

322 319 399

322 311 390

315 298 387

309 304 389

315 296 384

320 286 384

312 296 387

305 292 382

316 288 382

320 292 385

312 283 375

316 276 372

325 280 377

319 289 380

320 281 376

321 284 373

312 279 371

353 297 396

335 289 381

336 276 376

325 286 389

337 301 390

333 283 380

341 280 383

333 299 391

352 299 393

331 312 397

323 315 397

339 312 400

325 309 396

323 313 396

332 307 396

327 305 394

329 306 397

329 306 399

330 311 400

329 299 391

333 309 396

333 303 396

330 304 394

335 303 395

331 303 395

331 305 395

331 299 393

332 304 395

330 299 393

328 301 393

332 305 395

329 300 393

329 297 391

330 304 393

329 297 390

332 295 391

332 298 393

323 299 389

329 297 390

333 294 390

327 301 393

331 296 391

325 294 388

330 296 391

329 298 391

328 292 387

326 292 386

329 295 390

327 296 391

330 293 389

323 292 386

327 295 399

342 273 397

373 282 383

263 359 364

294 295 357

316 263 361

301 303 384

278 307 375

295 292 370

301 287 380

282 316 374

299 351 394

274 361 384

296 360 396

280 359 389

279 346 392

300 331 393

312 323 395

284 329 373

318 290 382

312 273 369

310 284 376

316 279 373

315 305 394

313 283 376

318 286 385

313 304 391

311 281 379

317 301 390

313 284 380

315 288 382

309 277 379

312 288 390

318 286 389

314 297 384

314 296 389

311 295 381

311 296 380

315 286 385

320 293 384

311 298 385

313 288 384

309 296 384

312 295 388

310 297 388

308 302 391

308 299 391

310 300 390

299 344 403

320 251 359

319 287 380

311 289 378

318 273 374

315 302 388

316 275 374

323 285 377

325 284 380

318 281 379

316 286 376

316 286 381

317 284 379

314 292 383

315 287 385

313 289 381

314 288 381

312 282 380

313 287 377

312 284 383

313 283 376

309 289 376

307 280 378

348 319 424

287 299 360

294 273 371

267 324 371

259 299 347

332 240 381

275 327 380

296 278 355

292 348 392

313 291 386

305 300 395

299 289 381

293 299 375

313 276 372

296 291 371

311 304 385

288 242 346

305 333 383

288 246 356

307 314 378

311 308 383

304 284 382

300 290 378

302 286 376

304 285 378

258 261 384

292 294 369

302 285 364

297 295 379

299 294 377

290 282 359

291 268 358

312 281 367

304 280 370

