315 281 368

303 284 367

306 281 367

302 282 366

302 282 365

303 280 363

298 275 364

297 276 363

302 278 364

298 280 361

304 276 357

303 282 362

303 278 364

302 280 364

280 280 362

297 280 360

297 284 363

303 278 368

301 282 369

300 284 371

299 279 371

302 289 342

302 286 378

306 291 376

298 287 373

301 282 370

302 280 366

301 295 368

300 284 373

300 284 367

305 283 367

301 285 366

301 279 365

303 280 364

304 281 366

307 273 369

303 278 367

304 278 368

303 286 365

306 320 372

308 287 340

296 270 314

298 271 319

314 276 307

344 273 311

353 268 333

312 263 326

329 266 323

326 262 317

311 269 320

355 273 315

357 273 311

357 278 301

344 292 312

357 285 299

365 296 281

373 298 280

364 313 289

361 308 279

361 305 275

362 311 276

364 312 279

353 320 288

347 319 283

355 316 272

362 315 273

355 319 280

356 320 282

359 316 280

359 318 280

361 319 276

361 318 275

358 321 281

361 325 279

353 322 284

356 327 280

361 317 271

364 318 275

361 336 276

361 333 281

365 327 283

363 324 280

368 321 278

368 323 280

365 325 283

360 323 286

357 318 287

369 326 282

369 325 277

366 328 281

368 328 285

368 324 282

363 324 280

365 328 279

368 323 286

369 323 287

370 321 282

366 326 278

367 328 279

367 323 284

371 323 285

366 324 280

361 322 280

363 325 283

366 329 283

368 325 283

375 325 275

364 327 282

359 330 287

364 329 284

371 328 285

373 325 279

372 327 280

370 327 279

363 328 287

366 332 286

368 329 283

368 323 283

371 333 283

370 332 284

368 330 286

370 332 291

378 339 290

374 340 286

376 333 284

380 335 286

380 344 290

371 340 293

