303 376 377

303 372 377

307 376 381

292 385 370

320 357 384

285 402 382

312 382 379

302 364 369

302 390 377

302 377 374

305 378 376

305 380 376

303 380 376

304 369 379

313 366 385

299 364 385

302 362 385

306 367 387

302 362 385

305 365 386

303 364 387

305 357 391

304 367 387

307 363 390

296 364 393

302 346 393

303 352 396

312 336 392

286 301 379

302 362 378

334 402 400

273 299 368

321 401 412

292 307 380

308 363 403

308 331 388

308 358 404

295 318 381

321 368 405

289 311 384

311 377 407

292 324 384

314 367 403

292 318 381

324 366 406

288 328 377

322 376 404

282 304 378

323 408 411

288 294 373

323 395 413

295 316 374

321 393 415

287 311 374

318 409 414

289 300 377

314 416 405

313 316 380

302 371 387

329 353 391

290 334 379

326 368 403

283 335 375

331 380 407

280 315 371

326 391 414

275 306 366

325 412 417

280 302 369

318 417 415

289 299 371

313 415 402

316 323 376

299 375 388

324 349 391

287 347 376

325 378 403

278 319 376

313 419 398

311 315 379

289 362 373

332 385 400

266 302 360

323 437 414

302 301 368

304 417 376

337 358 386

263 322 359

326 422 415

269 302 354

331 438 418

291 307 363

317 420 406

310 311 369

303 397 375

337 355 391

260 316 354

330 449 413

291 294 361

314 425 391

328 326 372

285 383 381

335 336 393

274 371 367

332 385 400

263 308 351

331 447 415

291 301 362

311 406 378

329 363 383

272 313 369

321 425 395

313 339 387

277 316 363

327 450 406

297 306 369

296 372 372

332 390 395

287 324 377

313 382 396

305 355 387

305 362 391

307 364 390

303 358 390

305 364 390

305 362 391

307 361 390

306 360 390

303 361 388

305 360 390

308 366 390

303 361 389

304 366 390

301 366 387

304 365 388

302 364 389

303 365 388

305 365 388

301 365 387

304 363 387

305 367 390

304 365 387

305 365 387

305 366 388

305 362 388

306 366 391

308 368 396

290 329 382

299 349 388

305 382 396

315 360 388

290 324 382

308 381 386

318 381 396

295 335 385

296 326 377

298 438 387

328 338 374

282 315 373

294 450 391

328 338 383

290 333 371

308 423 404

292 309 377

304 365 368

323 429 402

287 307 370

305 375 377

335 403 398

283 312 375

304 353 370

324 426 400

292 319 376

300 343 384

315 414 402

298 319 377

298 332 369

319 419 391

315 359 383

296 317 382

313 415 391

325 370 379

286 312 384

312 384 389

323 395 386

314 346 390

304 335 396

312 370 390

325 360 395

299 302 389

304 420 381

348 360 393

282 280 368

309 462 377

349 351 386

275 280 368

319 456 389

336 346 388

278 299 360

325 454 403

326 315 390

287 312 355

326 467 401

316 299 380

286 337 360

338 428 405

298 280 370

304 403 357

347 389 397

278 286 365

316 458 387

339 339 394

280 314 359

323 453 396

328 308 390

287 352 356

335 424 397

301 295 376

300 412 380

331 367 396

294 292 380

305 423 370

339 374 393

283 279 370

310 442 379

333 362 388

284 297 376

313 435 381

325 365 389

290 281 372

307 450 386

329 352 392

283 291 363

316 468 400

335 305 393

272 317 346

332 454 402

318 304 386

285 321 357

327 453 406

316 298 379

273 307 354

323 456 405

312 331 387

288 291 374

309 442 386

326 355 391

281 290 371

315 439 383

323 368 388

288 284 376

309 435 374

327 381 384

280 277 368

307 423 377

328 376 390

281 287 367

312 440 388

325 352 386

266 285 360

319 456 389

325 350 386

266 272 357

325 460 378

332 376 385

276 273 359

310 399 364

323 432 381

304 271 366

273 339 346

331 458 396

313 299 380

267 324 351

331 460 392

318 322 384

259 289 348

331 470 394

317 335 384

260 281 349

329 471 384

320 352 386

264 276 349

326 456 373

315 393 381

301 274 373

298 398 355

330 422 384

290 265 361

302 387 348

332 431 387

285 265 357

302 401 344

333 421 388

285 260 353

309 411 341

333 428 378

293 268 363

292 380 338

333 453 384

302 263 356

284 372 337

335 452 389

305 283 371

275 344 342

333 462 391

304 287 376

272 332 338

326 472 384

317 313 391

263 323 346

325 461 388

320 306 385

256 314 339

335 472 387

316 312 382

253 307 339

332 476 389

322 304 379

242 302 329

331 486 391

326 305 380

248 316 334

334 485 386

330 309 384

249 292 336

337 473 381

316 356 383

260 279 346

326 472 368

331 358 384

254 288 345

328 473 384

317 345 382

258 287 345

331 482 371

328 348 385

260 289 344

333 467 381

320 355 384

267 289 351

332 473 377

324 349 384

260 287 344

328 470 380

327 340 392

267 312 343

326 470 380

326 325 393

266 335 346

325 459 382

316 316 394

267 318 338

333 464 379

308 344 384

278 296 361

326 461 363

316 385 367

291 284 374

310 432 362

317 400 377

307 267 369

296 401 351

329 418 381

293 279 369

304 395 347

328 428 374

306 269 372

283 352 332

327 466 378

307 312 386

271 332 351

327 469 384

308 316 383

268 334 345

337 459 388

304 310 385

272 329 343

331 471 387

305 314 387

272 321 348

329 473 384

306 338 387

274 310 350

327 468 380

310 336 392

276 329 348

328 460 380

306 324 394

283 364 347

331 441 377

308 289 386

283 372 335

341 447 374

304 276 380

289 374 335

338 443 376

301 285 384

295 367 339

332 451 370

308 304 396

289 355 343

325 460 370

311 296 396

296 365 329

331 459 360

316 274 398

304 399 317

337 431 358

316 267 407

305 397 320

335 427 363

315 284 403

306 408 323

338 418 361

323 270 397

309 433 327

327 403 363

328 260 387

294 487 352

308 357 389

318 303 359

300 486 346

290 335 401

335 310 337

303 479 357

300 302 410

334 349 325

320 449 355

305 293 411

328 377 316

326 430 355

312 286 415

323 396 322

325 415 357

329 286 413

312 434 315

320 385 376

339 308 372

271 474 336

295 342 409

341 358 338

295 440 340

299 341 408

335 380 336

309 428 335

290 354 397

351 392 347

288 399 338

314 373 381

312 397 357

309 387 364

309 391 361

309 389 361

307 391 360

308 389 360

306 390 358

310 392 355

307 392 354

308 390 354

309 392 354

309 395 350

308 391 350

307 394 352

307 395 350

307 389 351

307 394 349

307 394 350

307 392 350

309 392 353

306 401 348

309 354 338

336 481 358

369 425 347

347 393 340

351 397 344

352 405 347

347 378 336

339 395 359

355 398 332

363 399 338

358 374 329

390 375 306

369 380 324

374 387 323

364 391 319

366 383 318

369 382 318

372 379 315

375 379 319

367 377 313

372 385 313

372 377 313

368 372 313

371 372 309

393 380 312

347 359 304

367 344 319

401 377 288

407 380 318

393 352 297

379 343 304

382 353 302

387 352 306

386 353 305

381 351 306

386 354 304

385 349 303

383 353 306

385 352 306

384 353 306

384 354 303

382 354 304

384 351 303

384 352 304

387 349 306

384 356 304

390 350 304

385 359 305

381 343 306

385 350 303

387 350 304

376 347 306

386 350 307

385 351 307

385 351 307

385 350 303

380 349 305

387 350 306

388 352 304

383 349 305

379 348 299

384 348 297

380 353 300

384 354 296

385 347 303

389 351 198

354 335 325

394 363 306

318 383 207

430 362 281

349 327 244

352 366 247

342 408 291

335 359 309

351 361 280

383 345 304

443 335 255

373 364 293

388 334 293

385 355 291

387 347 298

388 337 299

357 357 308

394 336 294

380 348 297

344 364 281

340 378 278

392 393 292

305 408 294

337 414 271

373 393 307

336 330 336

257 430 339

324 352 323

318 352 334

265 389 336

322 406 332

249 349 326

283 387 356

319 427 379

175 355 329

277 392 394

331 401 392

250 339 316

271 378 385

321 323 384

236 394 338

286 303 406

306 339 356

248 362 359

329 270 403

281 396 327

246 342 379

323 301 400

245 391 325

290 319 392

348 302 388

164 433 323

310 299 392

359 310 344

228 390 341

358 265 400

299 358 298

267 377 358

393 242 403

288 402 269

261 364 359

381 268 410

210 435 292

287 337 374

353 288 379

183 434 327

318 295 396

307 335 331

225 395 332

334 294 404

281 355 313

227 384 338

350 277 415

262 417 321

232 365 365

336 312 404

272 410 300

286 341 392

320 332 391

176 404 333

323 323 410

264 348 312

272 364 362

335 326 414

265 381 315

288 348 391

312 339 373

256 371 349

323 317 415

271 404 300

237 361 372

335 332 403

229 385 327

317 329 404

318 343 341

234 371 352

332 319 413

200 380 296

279 347 387

319 335 377

197 371 335

319 318 413

294 395 333

260 365 374

337 326 408

240 383 320

264 330 396

215 335 335

263 356 357

306 334 384

262 356 322

234 359 341

238 379 334

276 352 326

258 319 320

273 359 299

276 352 359

261 327 308

262 345 303

225 425 345

321 256 372

271 382 293

286 362 314

278 266 362

281 355 321

289 362 347

305 262 322

243 380 303

281 376 334

294 247 285

279 419 287

286 353 311

268 267 277

285 472 318

287 306 325

237 295 300

280 480 373

275 273 305

254 333 320

272 454 354

272 252 294

274 369 308

288 382 335

248 265 285

296 441 320

296 342 317

236 283 291

295 505 357

306 314 281

230 292 288

287 514 382

300 300 261

245 314 287

276 487 368

280 270 236

268 361 289

291 432 348

214 252 249

287 417 318

299 372 323

230 261 285

296 431 365

295 328 297

254 305 319

273 440 382

258 287 295

264 345 343

288 405 365

251 278 299

277 369 356

292 360 342

231 288 308

284 419 368

288 328 325

250 304 327

288 411 370

282 322 338

234 310 320

290 455 395

267 294 301

267 343 325

300 423 385

246 276 292

302 408 347

305 371 348

218 279 300

308 452 366

291 344 328

223 294 315

300 466 398

266 309 307

259 331 328

305 448 384

241 277 288

294 383 334

320 399 360

218 271 284

302 407 348

308 387 361

219 284 296

304 407 356

294 367 351

213 284 304

310 432 363

290 348 331

216 293 312

312 456 382

271 325 313

234 308 319

298 488 396

256 300 307

276 348 337

305 432 372

239 278 297

297 394 347

303 377 348

239 281 306

300 395 351

287 377 345

233 268 297

303 433 344

307 359 332

208 264 294

323 439 358

292 353 316

205 276 300

332 479 395

269 315 290

243 332 332

318 458 388

236 277 292

291 382 355

302 399 352

204 268 287

316 447 378

286 334 313

227 301 315

318 483 404

252 280 280

283 373 334

310 394 347

198 267 295

309 483 402

263 288 287

285 384 350

291 357 338

245 320 342

281 365 360

263 341 353

279 358 362

273 351 357

277 355 362

263 330 355

291 360 379

287 363 380

287 365 380

286 364 379

290 368 377

291 369 376

289 369 376

291 368 379

293 369 378

286 363 376

287 361 371

289 364 376

281 366 374

287 362 379

284 363 376

286 365 375

284 361 377

286 360 379

284 361 377

287 360 375

285 361 379

284 363 376

283 361 379

285 358 376

286 362 373

286 359 372

291 358 379

283 360 371

284 379 383

286 382 359

298 358 368

283 375 367

313 486 350

306 387 371

316 376 376

312 383 369

309 380 375

319 385 373

308 378 374

283 348 374

323 344 372

336 355 380

334 375 385

352 368 382

379 342 376

369 383 365

359 355 370

376 380 356

382 386 345

384 400 317

378 386 321

364 370 325

384 358 317

398 359 316

399 365 312

390 358 311

382 351 313

384 351 314

385 353 314

388 356 308

392 355 310

390 353 311

384 348 312

385 350 310

390 361 316

388 351 313

383 351 311

387 350 311

391 357 312

385 349 311

386 351 307

389 353 312

385 352 308

386 352 309

389 352 311

385 352 309

387 353 310

386 351 310

387 353 309

384 351 308

386 354 308

387 353 308

382 358 310

388 352 308

386 351 307

382 355 307

388 350 309

382 351 309

385 354 307

384 348 309

383 355 305

387 352 309

387 354 308

383 350 306

385 352 309

386 351 310

384 355 308

387 350 309

383 352 308

388 348 305

384 355 309

384 351 307

388 351 310

383 353 309

383 353 307

389 349 305

385 355 309

386 350 308

385 353 308

386 353 309

382 351 308

387 353 305

384 350 306

384 354 307

386 352 305

386 353 307

384 352 307

384 353 306

385 352 305

385 352 305

387 351 307

383 352 305

384 351 308

388 349 305

385 353 307

382 353 304

386 350 305

386 350 306

380 354 303

390 354 304

383 350 309

382 353 307

385 355 308

385 355 310

382 349 306

388 353 307

382 351 304

385 354 308

384 352 305

385 353 305

385 353 304

383 353 307

385 358 303

385 348 305

384 352 304

382 355 307

385 350 305

387 352 308

381 351 302

381 352 299

387 348 304

384 352 302

387 352 308

384 348 306

382 348 304

383 352 307

387 349 315

360 357 312

399 347 308

388 336 312

334 358 289

384 367 303

376 362 286

351 360 307

334 341 299

323 339 253

344 350 266

369 357 271

361 366 286

363 364 266

358 345 285

350 355 280

335 352 267

328 354 283

332 353 281

335 423 321

345 346 266

333 434 188

260 359 302

348 403 305

342 375 295

351 385 284

321 382 277

329 387 304

178 245 306

306 411 285

275 323 328

291 353 286

296 353 287

301 357 284

304 364 285

301 364 284

300 364 284

302 362 287

300 363 287

297 365 290

300 368 286

299 368 290

300 369 292

301 373 291

301 373 292

303 376 292

306 379 295

310 383 296

311 382 296

309 381 296

308 380 296

309 381 295

310 381 296

310 380 296

308 382 295

