388 357 319

387 356 314

385 355 312

388 355 316

389 355 318

387 354 315

389 355 314

386 355 314

390 354 313

383 354 316

391 355 314

361 342 296

385 350 311

395 355 309

300 303 253

387 365 343

376 352 308

399 353 293

366 356 307

400 353 311

387 351 321

390 352 315

387 354 307

387 355 304

387 353 311

389 353 317

386 352 315

388 353 309

387 353 308

386 353 313

286 321 290

411 359 289

381 355 310

404 342 306

353 443 391

386 337 342

348 341 323

401 397 393

360 374 359

333 356 336

394 440 366

336 372 342

376 386 350

368 414 345

335 342 324

360 451 371

355 379 346

382 399 347

348 391 335

374 339 324

