294 311 393

296 310 388

296 311 391

297 310 388

300 310 388

296 309 391

299 312 391

297 312 391

300 313 391

300 311 390

300 313 394

296 314 392

303 313 390

298 312 392

293 313 390

294 314 390

302 318 389

297 315 390

301 314 389

305 317 390

289 314 391

289 312 387

303 312 386

294 316 389

284 316 392

301 318 393

291 314 387

299 310 382

296 308 403

291 307 388

309 313 387

300 319 397

289 308 393

300 314 392

298 315 399

307 315 389

301 313 394

300 314 392

300 309 389

300 309 391

300 310 391

296 310 392

301 315 392

287 307 385

303 312 392

304 314 394

305 311 393

304 313 395

303 312 394

301 313 394

303 316 394

303 317 396

302 316 395

304 315 392

305 316 395

301 315 396

306 316 395

303 315 396

305 318 396

307 312 393

300 315 398

303 315 394

306 315 392

308 318 396

303 314 392

305 313 391

307 318 394

303 321 396

307 321 392

302 317 395

300 317 398

310 312 395

314 326 385

300 331 399

299 332 396

292 325 393

289 318 391

287 313 395

304 329 395

293 311 390

297 321 392

294 327 395

292 313 387

299 318 392

302 324 394

299 321 395

302 318 392

299 325 397

300 323 395

301 324 399

302 326 396

300 328 398

301 328 396

300 327 397

302 331 396

296 328 397

299 323 392

299 327 397

302 326 395

302 328 395

304 328 397

303 329 396

300 328 395

300 326 393

301 328 397

297 329 396

299 332 396

299 332 396

301 332 395

300 334 396

302 331 396

302 333 397

303 334 398

301 330 395

297 329 396

297 331 397

299 331 395

301 332 396

303 330 394

298 333 395

307 335 396

302 335 397

300 330 395

296 328 397

295 327 393

302 335 396

305 336 396

294 332 399

306 335 393

301 328 392

303 337 402

299 334 395

303 334 395

303 332 396

302 330 396

298 331 397

299 333 396

296 328 395

299 329 393

292 321 393

300 325 398

307 327 394

309 323 396

301 329 396

304 328 395

299 323 395

297 323 392

300 327 397

303 329 397

302 327 395

306 329 396

304 330 397

306 329 395

300 327 395

302 329 395

300 331 396

305 330 394

304 333 399

306 331 395

302 329 397

301 331 397

305 331 398

311 334 399

308 333 399

307 329 396

307 331 399

311 334 398

311 337 400

312 335 399

310 336 401

312 336 398

309 339 400

307 336 401

308 334 396

308 335 399

307 334 399

307 332 397

307 332 398

308 334 398

311 335 398

309 337 400

306 330 398

307 333 400

305 330 399

309 333 399

308 333 399

307 334 399

309 334 398

308 335 399

307 333 399

307 334 399

307 334 399

306 332 398

309 336 399

308 335 399

308 332 399

308 331 397

307 336 400

311 337 398

312 339 399

310 337 399

308 336 399

307 335 398

307 339 401

315 344 401

315 347 402

306 331 396

310 338 401

310 340 399

313 335 397

309 334 400

310 337 401

309 335 400

309 334 398

310 334 401

308 333 399

308 332 399

309 333 398

308 331 399

310 333 399

310 335 399

308 336 400

310 334 398

312 334 398

310 335 399

312 336 399

311 335 399

311 336 399

310 336 401

308 334 398

310 334 400

307 335 400

311 332 400

308 331 399

310 333 399

309 331 399

310 330 398

309 327 397

309 329 398

308 330 400

308 330 400

309 331 400

307 329 399

307 330 400

307 334 403

307 318 392

317 335 395

313 340 405

304 335 402

302 335 396

303 329 387

309 331 401

313 340 403

323 342 403

322 340 392

324 338 413

321 328 398

315 330 398

323 324 394

325 342 405

324 339 404

316 338 405

326 333 398

315 340 399

310 324 394

325 322 395

328 355 408

321 343 403

322 342 404

328 325 391

294 344 415

319 325 390

307 343 423

319 328 388

294 331 399

318 342 403

307 334 393

300 334 393

310 361 398

304 328 388

313 358 413

320 354 406

322 341 398

321 355 403

306 342 396

291 331 396

287 332 393

287 327 390

289 323 385

300 335 399

289 319 389

289 327 392

305 335 395

296 331 399

294 324 395

295 320 391

298 329 396

300 331 394

296 331 396

297 332 395

300 332 395

298 332 392

293 332 393

292 328 391

297 331 395

302 331 393

299 332 396

295 328 394

296 326 392

299 326 392

299 327 392

300 330 394

293 331 394

295 331 396

293 326 391

297 327 394

297 327 393

297 327 395

294 327 393

297 327 392

295 327 393

296 326 392

297 327 394

293 326 395

303 330 388

292 320 392

314 335 398

315 354 402

308 329 392

301 338 402

299 328 393

298 329 392

307 335 396

305 335 394

303 329 399

305 335 398

308 335 395

303 339 404

308 337 397

305 336 397

307 340 400

305 342 400

308 341 399

303 341 402

313 334 393

307 332 397

306 331 396

307 337 401

306 336 401

305 335 397

307 340 401

304 339 398

307 337 398

307 337 397

306 337 398

305 336 398

306 338 399

308 342 400

308 339 399

307 339 396

306 338 398

303 338 399

307 337 397

308 336 398

304 334 399

308 334 396

305 333 398

305 333 397

307 333 395

308 339 399

305 339 398

306 337 399

304 337 400

305 339 399

307 338 398

305 337 398

307 341 400

306 339 399

304 334 398

305 335 397

306 336 397

303 335 398

308 336 397

307 334 396

298 334 399

311 339 400

302 332 391

291 325 391

309 367 409

324 346 395

296 326 401

295 328 393

300 336 388

299 340 401

303 326 390

308 348 403

310 358 408

303 342 392

319 352 396

296 345 399

303 342 391

295 335 400

319 357 390

332 357 395

311 334 402

284 323 392

311 329 389

316 338 391

322 348 396

306 340 404

316 330 394

307 328 390

309 333 393

313 336 393

299 351 408

297 331 399

305 329 396

299 323 393

300 323 392

301 320 391

293 322 393

298 332 397

298 326 394

295 323 393

298 322 393

299 325 393

301 325 392

298 324 395

302 327 394

304 312 386

300 323 394

291 319 393

297 324 392

297 327 396

305 325 392

311 329 398

308 333 398

306 328 397

304 332 400

309 329 396

307 329 399

309 329 396

309 329 400

309 335 402

310 327 398

307 324 398

310 322 398

306 321 397

311 325 398

301 321 396

308 326 396

307 322 394

296 323 396

271 317 392

294 327 379

270 329 391

270 330 390

280 325 376

277 343 382

272 337 369

300 353 388

328 379 433

302 346 376

300 377 398

290 361 386

285 361 395

298 333 372

289 346 399

290 344 387

299 338 391

296 344 396

292 334 385

297 345 400

301 339 395

300 343 392

288 332 388

292 337 395

300 337 397

303 335 393

307 342 392

303 341 398

310 348 401

294 339 394

292 338 395

302 342 395

300 342 398

300 333 386

300 340 401

301 335 394

297 336 392

298 336 390

297 336 394

299 340 392

297 344 396

300 341 398

295 342 402

301 331 387

295 331 400

310 334 396

307 304 370

296 324 387

294 355 389

304 355 404

295 334 392

306 341 391

307 342 393

298 344 394

311 349 399

316 356 399

309 353 398

307 344 393

304 347 398

306 345 402

310 339 387

310 341 395

300 343 399

304 361 403

313 366 398

323 358 397

320 351 397

320 347 392

320 341 395

319 352 403

321 351 401

321 352 400

324 350 401

323 349 403

316 342 395

323 341 398

327 341 397

330 344 404

328 339 400

329 348 398

326 336 397

325 340 402

325 342 400

332 342 398

326 339 399

328 342 399

328 344 402

330 343 402

327 345 404

326 342 401

334 342 401

327 340 402

324 339 400

331 347 402

329 342 403

328 346 402

336 343 396

330 342 405

320 336 399

329 339 398

333 346 403

318 342 403

324 343 401

328 345 402

324 339 400

328 341 401

327 340 402

326 336 400

327 340 402

330 341 402

327 340 402

327 339 401

326 339 403

326 336 401

326 334 401

326 336 401

325 333 400

328 335 403

325 336 401

324 340 402

326 341 401

325 338 400

319 337 401

332 361 403

332 360 402

335 340 391

332 342 397

327 345 400

330 345 403

332 345 399

334 348 401

327 343 401

328 344 403

327 346 401

330 347 401

334 345 398

332 344 400

331 345 402

332 345 401

332 347 402

331 350 404

330 345 401

332 343 400

332 345 401

329 344 403

334 345 400

332 344 403

327 339 402

331 342 401

332 343 401

330 344 403

330 342 400

331 343 401

331 343 401

329 343 401

329 340 402

327 341 401

335 344 401

333 343 401

328 341 402

329 339 401

330 340 400

332 343 400

328 344 405

328 343 400

329 344 403

328 341 399

330 341 399

331 341 399

327 340 401

324 339 401

327 341 400

322 346 402

325 340 402

324 341 403

328 340 400

328 339 401

326 339 403

327 339 403

327 339 401

327 342 405

328 346 405

324 338 397

321 339 390

307 333 388

284 366 407

280 359 399

310 356 394

296 354 398

319 343 391

320 364 395

338 366 402

327 348 363

338 356 394

324 347 388

340 404 409

329 339 393

300 339 415

320 357 398

332 345 395

329 366 409

315 335 381

324 340 384

295 361 396

348 353 399

304 359 376

287 366 389

313 368 391

299 371 390

316 367 391

308 368 392

295 359 391

312 356 392

313 360 398

318 350 391

312 366 398

304 360 395

323 358 405

316 355 400

312 352 392

316 357 399

316 353 397

311 352 397

317 354 397

312 355 398

311 353 393

312 357 397

312 355 397

314 356 396

310 352 395

322 355 397

318 355 396

312 352 396

318 358 398

311 357 395

312 355 394

312 353 395

311 363 397

318 357 395

314 357 395

316 356 396

314 358 397

314 361 397

316 355 394

318 356 396

313 360 397

316 357 395

317 360 396

313 358 397

316 354 394

318 357 396

316 359 396

312 358 394

310 358 395

312 351 395

316 360 398

312 358 396

311 354 397

314 355 395

315 355 395

316 358 397

313 356 395

313 357 397

316 353 398

316 355 398

317 352 395

314 357 398

318 354 397

320 354 396

317 356 397

319 353 399

318 352 398

314 352 396

316 358 396

319 353 397

316 355 399

312 353 396

316 349 395

313 355 398

312 352 397

313 352 396

320 355 399

319 355 399

316 348 396

319 352 397

314 354 396

312 354 399

312 353 397

314 352 397

310 354 397

315 355 397

312 353 399

319 348 395

312 365 399

309 354 399

328 340 395

329 367 404

313 339 395

313 334 392

316 361 408

306 327 394

313 342 400

315 342 399

317 341 399

318 345 400

316 341 399

312 342 401

315 337 398

309 339 399

315 339 401

310 337 399

312 340 398

314 346 401

310 344 400

311 338 402

310 344 400

311 339 398

309 336 398

306 343 402

313 337 400

315 338 399

308 343 397

309 341 396

309 316 392

316 339 397

310 338 398

310 326 393

308 349 404

303 330 396

331 369 416

309 307 373

236 276 352

299 343 396

327 343 401

296 313 388

317 338 403

315 329 401

314 344 403

310 343 401

304 320 394

312 341 404

311 330 397

308 328 399

318 319 394

313 323 391

292 327 396

290 308 397

306 310 394

315 313 396

321 339 404

284 300 381

296 309 392

309 319 398

298 307 388

306 309 391

306 297 388

305 307 392

294 311 394

293 323 396

304 302 393

312 312 393

296 320 398

288 302 386

316 295 384

302 309 395

304 303 391

302 302 390

308 307 392

300 302 388

308 301 387

310 302 391

312 305 392

311 294 387

302 302 390

305 297 387

307 305 391

306 299 388

310 299 388

310 295 388

312 300 390

305 308 393

303 300 390

312 303 391

305 302 392

314 304 391

302 292 385

312 307 395

308 300 390

317 292 385

296 305 390

303 306 392

303 301 388

308 303 390

303 301 389

306 304 390

302 304 386

298 307 390

294 304 392

303 309 391

315 302 391

310 303 396

317 314 409

298 305 389

308 308 390

307 301 393

297 335 412

315 285 382

311 323 399

300 318 398

306 310 391

302 325 396

298 322 393

304 321 393

288 321 392

304 321 392

302 322 394

302 325 398

300 323 395

299 316 394

300 319 392

303 315 391

304 322 395

299 319 392

305 319 397

298 319 391

301 321 396

302 319 399

302 323 394

313 320 401

306 319 398

313 328 395

312 320 395

310 325 399

301 320 390

301 324 395

296 328 398

295 328 399

295 318 393

308 323 397

298 334 401

290 326 396

297 319 396

305 305 390

304 320 393

304 322 396

295 316 394

298 308 391

297 315 394

299 308 390

292 304 389

291 305 390

290 301 382

312 298 384

296 307 391

298 303 393

299 312 393

310 315 395

299 312 393

311 312 395

303 312 394

310 310 394

310 309 396

306 302 388

308 313 395

305 317 397

302 313 395

304 302 390

306 312 391

304 311 391

304 314 393

307 318 396

305 311 393

301 320 397

304 310 392

323 319 400

300 302 388

309 313 393

306 316 396

302 320 397

308 319 397

302 321 398

311 307 388

312 324 400

298 313 396

297 323 399

301 321 396

303 308 391

302 312 390

299 314 391

300 319 395

302 312 392

302 316 393

300 317 394

303 316 394

303 319 396

303 317 395

299 309 389

302 318 394

300 319 395

301 314 392

304 316 393

303 303 388

298 318 393

299 322 396

302 320 395

299 321 395

300 298 383

300 322 398

299 309 389

305 307 390

304 316 394

303 313 393

304 313 391

304 313 394

302 309 391

302 314 393

300 313 391

301 316 394

299 313 393

302 314 393

302 317 397

300 309 392

302 315 394

301 308 389

301 312 392

301 316 395

300 314 393

300 315 392

301 316 395

300 312 392

302 311 392

299 311 391

301 312 391

305 313 392

297 299 388

296 328 392

310 307 393

298 323 398

299 322 394

310 317 397

300 320 398

301 306 388

309 316 392

301 319 398

303 318 391

309 313 396

310 327 398

