420 327 389

434 379 428

437 347 407

412 319 395

430 337 428

441 370 381

421 320 368

422 301 402

440 344 384

420 371 371

404 340 354

418 323 389

408 348 338

432 364 407

424 342 400

433 353 396

407 379 352

428 339 417

409 399 362

446 361 427

400 356 335

409 403 332

400 307 392

416 357 431

436 369 369

452 434 335

395 274 418

451 409 393

396 315 402

438 345 428

414 332 432

437 359 402

401 305 402

450 382 414

410 371 444

455 382 374

446 377 333

402 347 383

432 413 390

397 280 384

400 304 353

407 328 425

445 347 412

400 322 366

431 363 409

430 370 335

407 345 382

424 293 408

383 240 410

393 256 403

419 352 443

411 368 334

418 279 451

460 431 347

420 345 422

449 377 352

435 366 338

384 260 444

387 302 423

453 350 337

438 435 348

437 321 438

404 276 375

421 385 353

438 303 440

415 235 391

413 358 345

420 364 360

423 272 417

459 377 426

424 389 382

426 328 396

447 401 415

419 422 366

448 341 416

446 300 441

446 323 424

423 396 332

419 311 430

445 379 385

434 365 405

441 359 419

396 295 380

433 384 402

401 295 362

434 387 321

373 258 376

408 302 422

404 327 352

414 366 321

409 337 339

407 325 341

438 428 345

429 391 323

412 331 314

380 264 398

384 292 384

395 250 375

427 361 415

436 439 350

