449 332 355

449 319 345

404 314 417

446 356 341

449 305 380

404 384 339

398 312 401

451 326 405

391 396 324

417 243 409

376 322 405

395 381 360

400 304 419

437 292 401

434 419 298

453 267 427

371 332 403

391 396 367

421 271 448

437 257 421

385 373 396

407 292 440

413 296 440

442 304 396

441 303 388

440 270 433

435 412 336

382 361 372

429 298 423

389 351 384

459 302 429

443 287 405

411 400 345

455 354 368

421 423 336

413 428 349

384 358 387

455 402 349

459 317 381

391 367 417

409 338 429

444 389 345

411 329 406

440 330 447

459 266 448

380 364 432

399 319 417

429 321 415

393 335 438

459 361 350

443 258 432

405 312 422

430 302 404

410 404 333

441 348 342

406 312 452

468 310 332

420 311 460

407 376 423

433 287 457

426 398 353

451 337 354

459 273 420

414 353 419

476 284 418

428 319 439

449 275 403

449 266 419

461 260 375

419 361 360

423 309 440

407 398 354

437 285 412

404 352 409

451 316 368

443 355 335

429 366 354

398 358 408

459 271 417

438 323 357

433 322 376

442 331 366

407 380 398

452 301 374

427 295 414

449 264 418

446 259 375

409 399 405

444 266 412

443 369 351

459 263 436

412 367 436

451 251 408

424 341 432

448 309 352

397 329 437

421 317 455

449 308 429

390 354 431

423 429 359

