364 352 285

364 352 285

364 352 285

364 352 284

364 352 285

364 352 284

365 352 287

364 352 284

365 355 287

364 352 285

364 351 285

364 352 285

364 352 284

364 352 285

358 353 270

364 352 285

363 352 284

363 352 284

364 353 284

363 352 284

363 353 284

363 352 284

364 352 285

363 352 284

364 352 284

364 352 284

363 353 284

364 352 285

364 352 284

364 352 284

363 353 285

364 352 284

364 353 284

364 352 284

364 352 284

363 352 284

364 352 284

364 353 284

363 353 284

364 352 284

363 352 285

364 352 284

363 352 285

364 353 285

364 353 284

364 353 285

364 353 284

363 353 284

364 353 285

364 353 284

364 352 285

364 353 284

363 353 284

364 353 285

364 353 284

364 353 284

364 353 284

363 353 284

364 353 285

364 353 284

364 353 284

364 353 285

364 353 284

364 353 284

364 353 285

364 353 284

363 353 284

364 353 284

364 353 285

364 353 285

363 353 285

364 353 284

364 353 285

364 353 285

364 353 285

319 341 276

320 275 305

321 274 308

321 273 309

321 273 310

321 273 310

321 273 310

321 273 310

321 273 310

321 273 310

321 273 311

321 272 311

321 272 311

321 272 311

321 272 311

321 272 311

322 272 311

322 272 312

322 272 311

322 272 312

322 272 312

323 272 309

321 272 312

322 272 312

322 272 312

322 272 312

322 272 312

322 272 312

322 272 312

322 272 312

322 272 312

322 272 312

322 272 312

322 272 312

322 272 312

322 272 312

322 272 311

322 272 312

322 272 312

322 272 312

322 271 312

322 272 313

322 272 312

322 272 312

322 272 312

322 272 312

322 272 313

322 272 312

322 272 312

323 272 313

322 272 313

323 272 312

322 272 312

323 272 313

322 272 312

322 272 313

323 272 312

324 272 312

323 272 313

323 271 313

323 271 313

323 271 313

323 271 313

323 271 313

323 271 313

323 271 313

321 273 321

286 364 262

358 336 259

364 340 280

363 345 282

336 354 268

361 358 277

346 360 276

348 353 265

366 348 283

363 350 283

363 350 283

363 350 283

363 350 284

363 350 284

364 350 284

364 350 284

364 350 284

364 351 284

364 351 284

364 351 284

364 351 284

364 351 284

364 351 284

364 351 284

364 351 284

321 288 299

336 268 316

319 270 333

318 259 331

321 270 318

321 270 318

321 270 318

321 270 318

321 270 318

297 302 289

328 348 274

330 325 232

342 332 286

257 415 291

368 343 283

358 347 281

357 346 279

356 345 279

357 345 279

357 346 279

357 346 279

357 346 279

357 346 279

357 346 279

357 346 279

357 346 279

358 346 279

357 346 279

358 346 279

357 347 279

357 347 279

358 347 279

358 347 279

